T Xr Yr Zr Xa Ya Za
0 0.000 0.000 0.000 0.000 0.000 0.000
9 0.000 0.000 0.000 0.016 -0.002 0.006
18 0.000 0.000 0.000 0.016 -0.002 0.006
27 0.000 0.000 0.000 0.016 -0.002 0.006
37 0.000 0.000 0.000 0.016 -0.002 0.006
46 0.000 0.000 0.000 0.016 -0.002 0.006
55 0.000 0.000 0.000 0.016 -0.002 0.006
64 0.000 0.000 0.000 0.016 -0.002 0.006
73 0.000 0.000 0.000 0.016 -0.002 0.006
82 0.000 0.000 0.000 0.016 -0.002 0.006
91 0.000 0.000 0.000 0.016 -0.002 0.006
100 0.000 0.000 0.000 0.016 -0.002 0.006
110 0.000 0.000 0.000 0.016 -0.002 0.006
119 0.000 0.000 0.000 0.016 -0.002 0.006
128 0.000 0.000 0.000 0.016 -0.002 0.006
137 0.000 0.000 0.000 0.016 -0.002 0.006
146 0.000 0.000 0.000 0.016 -0.002 0.006
155 0.000 0.000 0.000 0.016 -0.002 0.006
164 0.000 0.000 0.000 0.016 -0.002 0.006
173 0.000 0.000 0.000 0.016 -0.002 0.006
182 0.000 0.000 0.000 0.016 -0.002 0.006
192 0.000 0.000 0.000 0.016 -0.002 0.006
201 0.000 0.000 0.000 0.016 -0.002 0.006
210 0.000 0.000 0.000 0.016 -0.002 0.006
219 0.000 0.000 0.000 0.016 -0.002 0.006
228 0.000 0.000 0.000 0.016 -0.002 0.006
237 0.000 0.000 0.000 0.016 -0.002 0.006
246 0.000 0.000 0.000 0.016 -0.002 0.006
255 0.000 0.000 0.000 0.016 -0.002 0.006
265 0.000 0.000 0.000 0.016 -0.002 0.006
274 0.000 0.000 0.000 0.016 -0.002 0.006
283 0.000 0.000 0.000 0.016 -0.002 0.006
292 0.000 0.000 0.000 0.016 -0.002 0.006
301 0.000 0.000 0.000 0.016 -0.002 0.006
310 0.000 0.000 0.000 0.016 -0.002 0.006
319 0.000 0.000 0.000 0.016 -0.002 0.006
328 0.000 0.000 0.000 0.016 -0.002 0.006
338 0.000 0.000 0.000 0.016 -0.002 0.006
347 0.000 0.000 0.000 0.016 -0.002 0.006
356 0.000 0.000 0.000 0.016 -0.002 0.006
365 0.000 0.000 0.000 0.016 -0.002 0.006
374 0.000 0.000 0.000 0.016 -0.002 0.006
383 0.000 0.000 0.000 0.016 -0.002 0.006
392 0.000 0.000 0.000 0.016 -0.002 0.006
401 0.000 0.000 0.000 0.016 -0.002 0.006
411 0.000 0.000 0.000 0.016 -0.002 0.006
420 0.000 0.000 0.000 0.016 -0.002 0.006
429 0.000 0.000 0.000 0.016 -0.002 0.006
438 0.000 0.000 0.000 0.016 -0.002 0.006
447 0.000 0.000 0.000 0.016 -0.002 0.006
456 0.000 0.000 0.000 0.016 -0.002 0.006
465 0.000 0.000 0.000 0.016 -0.002 0.006
474 0.000 0.000 0.000 0.016 -0.002 0.006
484 0.000 0.000 0.000 0.016 -0.002 0.006
493 0.000 0.000 0.000 0.016 -0.002 0.006
502 0.000 0.000 0.000 0.016 -0.002 0.006
511 0.000 0.000 0.000 0.016 -0.002 0.006
520 0.000 0.000 0.000 0.016 -0.002 0.006
529 0.000 0.000 0.000 0.016 -0.002 0.006
538 0.000 0.000 0.000 0.016 -0.002 0.006
547 0.000 0.000 0.000 0.016 -0.002 0.006
557 0.000 0.000 0.000 0.016 -0.002 0.006
566 0.000 0.000 0.000 0.016 -0.002 0.006
575 0.000 0.000 0.000 0.016 -0.002 0.006
584 0.000 0.000 0.000 0.016 -0.002 0.006
593 0.000 0.000 0.000 0.016 -0.002 0.006
602 0.000 0.000 0.000 0.016 -0.002 0.006
611 0.000 0.000 0.000 0.016 -0.002 0.006
620 0.000 0.000 0.000 0.016 -0.002 0.006
630 0.000 0.000 0.000 0.016 -0.002 0.006
639 0.000 0.000 0.000 0.016 -0.002 0.006
648 0.000 0.000 0.000 0.016 -0.002 0.006
657 0.000 0.000 0.000 0.016 -0.002 0.006
666 0.000 0.000 0.000 0.016 -0.002 0.006
675 0.000 0.000 0.000 0.016 -0.002 0.006
684 0.000 0.000 0.000 0.016 -0.002 0.006
693 0.000 0.000 0.000 0.016 -0.002 0.006
703 0.000 0.000 0.000 0.016 -0.002 0.006
712 0.000 0.000 0.000 0.016 -0.002 0.006
721 0.000 0.000 0.000 0.016 -0.002 0.006
730 0.000 0.000 0.000 0.016 -0.002 0.006
739 0.000 0.000 0.000 0.016 -0.002 0.006
748 0.000 0.000 0.000 0.016 -0.002 0.006
757 0.000 0.000 0.000 0.016 -0.002 0.006
766 0.000 0.000 0.000 0.016 -0.002 0.006
776 0.000 0.000 0.000 0.016 -0.002 0.006
785 0.000 0.000 0.000 0.016 -0.002 0.006
794 0.000 0.000 0.000 0.016 -0.002 0.006
803 0.000 0.000 0.000 0.016 -0.002 0.006
812 0.000 0.000 0.000 0.016 -0.002 0.006
821 0.000 0.000 0.000 0.016 -0.002 0.006
830 0.000 0.000 0.000 0.016 -0.002 0.006
839 0.000 0.000 0.000 0.016 -0.002 0.006
849 0.000 0.000 0.000 0.016 -0.002 0.006
858 0.000 0.000 0.000 0.016 -0.002 0.006
867 0.000 0.000 0.000 0.016 -0.002 0.006
876 0.000 0.000 0.000 0.016 -0.002 0.006
885 0.000 0.000 0.000 0.016 -0.002 0.006
894 0.000 0.000 0.000 0.016 -0.002 0.006
903 0.000 0.000 0.000 0.016 -0.002 0.006
912 0.000 0.000 0.000 0.016 -0.002 0.006
922 0.000 0.000 0.000 0.016 -0.002 0.006
931 0.000 0.000 0.000 0.016 -0.002 0.006
940 0.000 0.000 0.000 0.016 -0.002 0.006
949 0.000 0.000 0.000 0.016 -0.002 0.006
958 0.000 0.000 0.000 0.016 -0.002 0.006
967 0.000 0.000 0.000 0.016 -0.002 0.006
976 0.000 0.000 0.000 0.016 -0.002 0.006
985 0.000 0.000 0.000 0.016 -0.002 0.006
995 0.000 0.000 0.000 0.016 -0.002 0.006
1004 0.000 0.000 0.000 0.016 -0.002 0.006
1013 0.000 0.000 0.000 0.016 -0.002 0.006
1022 0.017 -0.002 0.350 0.016 -0.002 0.006
1031 0.017 -0.002 0.350 0.016 -0.002 0.006
1041 0.017 -0.002 0.350 0.016 -0.002 0.006
1051 0.017 -0.002 0.350 0.016 -0.002 0.006
1060 0.017 -0.002 0.350 0.016 -0.002 0.006
1069 0.017 -0.002 0.350 0.016 -0.002 0.006
1078 0.017 -0.002 0.350 0.016 -0.002 0.006
1087 0.017 -0.002 0.350 0.016 -0.002 0.006
1096 0.017 -0.002 0.350 0.016 -0.002 0.006
1106 0.017 -0.002 0.350 0.016 -0.002 0.006
1115 0.017 -0.002 0.350 0.016 -0.002 0.006
1124 0.017 -0.002 0.350 0.016 -0.002 0.006
1133 0.017 -0.002 0.350 0.016 -0.002 0.006
1143 0.017 -0.002 0.350 0.016 -0.002 0.006
1153 0.017 -0.002 0.350 0.016 -0.002 0.006
1163 0.017 -0.002 0.350 0.016 -0.002 0.006
1173 0.017 -0.002 0.350 0.016 -0.002 0.006
1183 0.017 -0.002 0.350 0.016 -0.002 0.006
1192 0.017 -0.002 0.350 0.016 -0.002 0.006
1201 0.017 -0.002 0.350 0.016 -0.002 0.006
1210 0.017 -0.002 0.350 0.016 -0.002 0.006
1219 0.017 -0.002 0.350 0.016 -0.002 0.006
1228 0.017 -0.002 0.350 0.016 -0.002 0.006
1237 0.017 -0.002 0.350 0.016 -0.002 0.006
1247 0.017 -0.002 0.350 0.016 -0.002 0.006
1257 0.017 -0.002 0.350 0.016 -0.002 0.006
1266 0.017 -0.002 0.350 0.016 -0.002 0.006
1276 0.017 -0.002 0.350 0.016 -0.002 0.006
1285 0.017 -0.002 0.350 0.016 -0.002 0.006
1295 0.017 -0.002 0.350 0.016 -0.002 0.006
1305 0.017 -0.002 0.350 0.016 -0.002 0.006
1315 0.017 -0.002 0.350 0.016 -0.002 0.006
1325 0.017 -0.002 0.350 0.016 -0.002 0.006
1335 0.017 -0.002 0.350 0.016 -0.002 0.006
1345 0.017 -0.002 0.350 0.016 -0.002 0.006
1355 0.017 -0.002 0.350 0.016 -0.002 0.006
1364 0.017 -0.002 0.350 0.016 -0.002 0.006
1374 0.017 -0.002 0.350 0.016 -0.002 0.006
1385 0.017 -0.002 0.350 0.016 -0.001 0.006
1395 0.017 -0.002 0.350 0.016 -0.001 0.006
1405 0.017 -0.002 0.350 0.015 -0.001 0.006
1414 0.017 -0.002 0.350 0.016 -0.001 0.006
1424 0.017 -0.002 0.350 0.016 -0.001 0.007
1434 0.017 -0.002 0.350 0.015 -0.001 0.007
1444 0.017 -0.002 0.350 0.015 -0.000 0.007
1454 0.017 -0.002 0.350 0.015 -0.001 0.009
1464 0.017 -0.002 0.350 0.016 -0.001 0.010
1474 0.017 -0.002 0.350 0.015 -0.000 0.011
1484 0.017 -0.002 0.350 0.015 -0.001 0.012
1493 0.017 -0.002 0.350 0.015 0.000 0.015
1502 0.017 -0.002 0.350 0.015 0.000 0.017
1512 0.017 -0.002 0.350 0.015 0.001 0.020
1521 0.017 -0.002 0.350 0.015 0.002 0.023
1531 0.017 -0.002 0.350 0.015 0.002 0.027
1541 0.017 -0.002 0.350 0.015 0.003 0.030
1550 0.017 -0.002 0.350 0.014 0.003 0.034
1559 0.017 -0.002 0.350 0.014 0.004 0.039
1568 0.017 -0.002 0.350 0.013 0.005 0.043
1577 0.017 -0.002 0.350 0.013 0.005 0.047
1587 0.017 -0.002 0.350 0.013 0.006 0.053
1596 0.017 -0.002 0.350 0.012 0.007 0.057
1606 0.017 -0.002 0.350 0.012 0.007 0.057
1615 0.017 -0.002 0.350 0.012 0.008 0.063
1624 0.017 -0.002 0.350 0.011 0.008 0.068
1634 0.017 -0.002 0.350 0.010 0.009 0.073
1644 0.017 -0.002 0.350 0.010 0.011 0.079
1654 0.017 -0.002 0.350 0.009 0.012 0.085
1664 0.017 -0.002 0.350 0.009 0.013 0.090
1674 0.017 -0.002 0.350 0.008 0.013 0.096
1684 0.017 -0.002 0.350 0.007 0.014 0.102
1694 0.017 -0.002 0.350 0.006 0.015 0.107
1703 0.017 -0.002 0.350 0.006 0.017 0.112
1713 0.017 -0.002 0.350 0.005 0.018 0.118
1723 0.017 -0.002 0.350 0.003 0.018 0.124
1733 0.017 -0.002 0.350 0.002 0.020 0.129
1743 0.017 -0.002 0.350 0.002 0.021 0.134
1752 0.017 -0.002 0.350 0.001 0.022 0.139
1761 0.017 -0.002 0.350 -0.000 0.023 0.144
1770 0.017 -0.002 0.350 -0.001 0.025 0.149
1780 0.017 -0.002 0.350 -0.002 0.026 0.154
1789 0.017 -0.002 0.350 -0.002 0.026 0.159
1799 0.017 -0.002 0.350 -0.004 0.028 0.163
1809 0.017 -0.002 0.350 -0.005 0.028 0.168
1818 0.017 -0.002 0.350 -0.006 0.030 0.172
1828 0.017 -0.002 0.350 -0.006 0.030 0.176
1838 0.017 -0.002 0.350 -0.007 0.030 0.180
1847 0.017 -0.002 0.350 -0.008 0.031 0.184
1856 0.017 -0.002 0.350 -0.008 0.032 0.188
1866 0.017 -0.002 0.350 -0.010 0.034 0.191
1875 0.017 -0.002 0.350 -0.010 0.034 0.191
1884 0.017 -0.002 0.350 -0.010 0.036 0.195
1893 0.017 -0.002 0.350 -0.009 0.035 0.199
1903 0.017 -0.002 0.350 -0.011 0.036 0.201
1913 0.017 -0.002 0.350 -0.012 0.036 0.205
1923 0.017 -0.002 0.350 -0.013 0.037 0.207
1933 0.017 -0.002 0.350 -0.014 0.038 0.210
1943 0.017 -0.002 0.350 -0.014 0.039 0.213
1953 0.017 -0.002 0.350 -0.015 0.040 0.216
1963 0.017 -0.002 0.350 -0.015 0.040 0.219
1973 0.017 -0.002 0.350 -0.016 0.040 0.221
1982 0.017 -0.002 0.350 -0.015 0.040 0.223
1991 0.017 -0.002 0.350 -0.017 0.041 0.225
2000 0.017 -0.002 0.350 -0.016 0.039 0.228
2009 0.017 -0.002 0.350 -0.017 0.041 0.230
2019 0.017 -0.002 0.350 -0.017 0.041 0.232
2029 0.017 -0.002 0.350 -0.018 0.042 0.234
2039 0.017 -0.002 0.350 -0.018 0.042 0.236
2049 0.017 -0.002 0.350 -0.018 0.042 0.237
2059 0.017 -0.002 0.350 -0.019 0.043 0.239
2069 0.017 -0.002 0.350 -0.019 0.042 0.240
2078 0.017 -0.002 0.350 -0.019 0.042 0.243
2088 0.017 -0.002 0.350 -0.019 0.041 0.244
2097 0.017 -0.002 0.350 -0.019 0.041 0.246
2106 0.017 -0.002 0.350 -0.020 0.042 0.247
2115 0.017 -0.002 0.350 -0.020 0.042 0.247
2124 0.017 -0.002 0.350 -0.019 0.041 0.249
2134 0.017 -0.002 0.350 -0.019 0.041 0.250
2144 0.017 -0.002 0.350 -0.019 0.041 0.251
2153 0.017 -0.002 0.350 -0.019 0.041 0.253
2163 0.017 -0.002 0.350 -0.019 0.040 0.254
2172 0.017 -0.002 0.350 -0.019 0.039 0.255
2181 0.017 -0.002 0.350 -0.019 0.039 0.257
2191 0.017 -0.002 0.350 -0.018 0.039 0.258
2201 0.017 -0.002 0.350 -0.019 0.039 0.259
2211 0.017 -0.002 0.350 -0.018 0.037 0.261
2220 0.017 -0.002 0.350 -0.018 0.038 0.262
2229 0.017 -0.002 0.350 -0.018 0.037 0.263
2238 0.017 -0.002 0.350 -0.017 0.036 0.264
2248 0.017 -0.002 0.350 -0.017 0.035 0.266
2258 0.017 -0.002 0.350 -0.017 0.036 0.267
2267 0.017 -0.002 0.350 -0.017 0.034 0.268
2277 0.017 -0.002 0.350 -0.016 0.034 0.269
2286 0.017 -0.002 0.350 -0.016 0.033 0.270
2296 0.017 -0.002 0.350 -0.015 0.031 0.272
2305 0.017 -0.002 0.350 -0.015 0.031 0.272
2315 0.017 -0.002 0.350 -0.015 0.031 0.273
2325 0.017 -0.002 0.350 -0.014 0.031 0.274
2335 0.017 -0.002 0.350 -0.014 0.030 0.275
2344 0.017 -0.002 0.350 -0.013 0.029 0.277
2354 0.017 -0.002 0.350 -0.013 0.029 0.278
2364 0.017 -0.002 0.350 -0.013 0.027 0.279
2374 0.017 -0.002 0.350 -0.013 0.027 0.280
2384 0.017 -0.002 0.350 -0.011 0.026 0.281
2394 0.017 -0.002 0.350 -0.011 0.026 0.282
2404 0.017 -0.002 0.350 -0.012 0.025 0.284
2413 0.017 -0.002 0.350 -0.012 0.025 0.284
2423 0.017 -0.002 0.350 -0.010 0.024 0.286
2432 0.017 -0.002 0.350 -0.010 0.023 0.287
2442 0.017 -0.002 0.350 -0.009 0.021 0.289
2451 0.017 -0.002 0.350 -0.009 0.020 0.290
2460 0.017 -0.002 0.350 -0.008 0.021 0.291
2469 0.017 -0.002 0.350 -0.008 0.021 0.292
2479 0.017 -0.002 0.350 -0.007 0.021 0.293
2488 0.017 -0.002 0.350 -0.007 0.020 0.294
2497 0.017 -0.002 0.350 -0.006 0.019 0.295
2507 0.017 -0.002 0.350 -0.006 0.019 0.296
2516 0.017 -0.002 0.350 -0.005 0.018 0.298
2525 0.017 -0.002 0.350 -0.005 0.018 0.298
2534 0.017 -0.002 0.350 -0.005 0.018 0.298
2543 0.017 -0.002 0.350 -0.005 0.017 0.300
2553 0.017 -0.002 0.350 -0.004 0.017 0.301
2563 0.017 -0.002 0.350 -0.004 0.016 0.302
2574 0.017 -0.002 0.350 -0.003 0.015 0.303
2585 0.017 -0.002 0.350 -0.003 0.015 0.304
2595 0.017 -0.002 0.350 -0.003 0.015 0.305
2605 0.017 -0.002 0.350 -0.003 0.015 0.306
2614 0.017 -0.002 0.350 -0.002 0.014 0.308
2623 0.017 -0.002 0.350 -0.002 0.014 0.309
2632 0.017 -0.002 0.350 -0.002 0.014 0.309
2641 0.017 -0.002 0.350 -0.001 0.012 0.311
2651 0.017 -0.002 0.350 -0.001 0.012 0.312
2660 0.017 -0.002 0.350 -0.000 0.012 0.313
2669 0.017 -0.002 0.350 -0.001 0.013 0.313
2678 0.017 -0.002 0.350 -0.000 0.012 0.314
2688 0.017 -0.002 0.350 -0.000 0.012 0.315
2697 0.017 -0.002 0.350 -0.000 0.012 0.315
2707 0.017 -0.002 0.350 0.001 0.011 0.317
2717 0.017 -0.002 0.350 0.001 0.011 0.317
2726 0.017 -0.002 0.350 0.002 0.011 0.319
2736 0.017 -0.002 0.350 0.002 0.011 0.319
2745 0.017 -0.002 0.350 0.001 0.010 0.320
2755 0.017 -0.002 0.350 0.002 0.011 0.321
2764 0.017 -0.002 0.350 0.002 0.012 0.321
2774 0.017 -0.002 0.350 0.002 0.012 0.322
2784 0.017 -0.002 0.350 0.002 0.012 0.323
2794 0.017 -0.002 0.350 0.003 0.011 0.323
2804 0.017 -0.002 0.350 0.003 0.010 0.325
2813 0.017 -0.002 0.350 0.003 0.012 0.325
2823 0.017 -0.002 0.350 0.003 0.011 0.326
2833 0.017 -0.002 0.350 0.004 0.011 0.327
2842 0.017 -0.002 0.350 0.004 0.011 0.327
2851 0.017 -0.002 0.350 0.003 0.012 0.327
2861 0.017 -0.002 0.350 0.004 0.012 0.328
2870 0.017 -0.002 0.350 0.004 0.011 0.329
2879 0.017 -0.002 0.350 0.005 0.012 0.330
2889 0.017 -0.002 0.350 0.005 0.012 0.330
2898 0.017 -0.002 0.350 0.005 0.012 0.331
2907 0.017 -0.002 0.350 0.005 0.012 0.331
2917 0.017 -0.002 0.350 0.005 0.012 0.331
2926 0.017 -0.002 0.350 0.005 0.012 0.333
2936 0.017 -0.002 0.350 0.005 0.012 0.333
2945 0.017 -0.002 0.350 0.005 0.012 0.333
2954 0.017 -0.002 0.350 0.006 0.013 0.334
2964 0.017 -0.002 0.350 0.006 0.013 0.334
2974 0.017 -0.002 0.350 0.007 0.013 0.335
2984 0.017 -0.002 0.350 0.007 0.012 0.336
2994 0.017 -0.002 0.350 0.007 0.013 0.336
3003 0.017 -0.002 0.350 0.007 0.013 0.336
3013 0.017 -0.002 0.350 0.007 0.012 0.338
3022 0.017 -0.002 0.350 0.007 0.012 0.338
3032 0.017 -0.002 0.350 0.007 0.012 0.338
3042 0.017 -0.002 0.350 0.008 0.012 0.339
3052 0.017 -0.002 0.350 0.009 0.013 0.339
3061 0.017 -0.002 0.350 0.008 0.013 0.339
3070 0.017 -0.002 0.350 0.008 0.014 0.340
3080 0.017 -0.002 0.350 0.008 0.014 0.340
3090 0.017 -0.002 0.350 0.009 0.013 0.341
3100 0.017 -0.002 0.350 0.009 0.013 0.341
3110 0.017 -0.002 0.350 0.009 0.014 0.342
3120 0.017 -0.002 0.350 0.010 0.014 0.343
3129 0.017 -0.002 0.350 0.010 0.013 0.343
3138 0.017 -0.002 0.350 0.009 0.013 0.343
3148 0.017 -0.002 0.350 0.009 0.013 0.343
3158 0.017 -0.002 0.350 0.010 0.013 0.344
3167 0.017 -0.002 0.350 0.010 0.013 0.345
3176 0.017 -0.002 0.350 0.010 0.013 0.345
3185 0.017 -0.002 0.350 0.010 0.013 0.345
3194 0.017 -0.002 0.350 0.011 0.012 0.346
3204 0.017 -0.002 0.350 0.011 0.011 0.347
3214 0.017 -0.002 0.350 0.011 0.012 0.347
3224 0.017 -0.002 0.350 0.011 0.012 0.347
3234 0.017 -0.002 0.350 0.012 0.012 0.347
3244 0.017 -0.002 0.350 0.011 0.012 0.348
3254 0.017 -0.002 0.350 0.012 0.011 0.348
3264 0.017 -0.002 0.350 0.012 0.010 0.349
3274 0.017 -0.002 0.350 0.012 0.010 0.350
3284 0.017 -0.002 0.350 0.012 0.009 0.350
3294 0.017 -0.002 0.350 0.013 0.008 0.351
3304 0.017 -0.002 0.350 0.014 0.010 0.351
3314 0.017 -0.002 0.350 0.013 0.010 0.351
3324 0.017 -0.002 0.350 0.014 0.009 0.351
3334 0.017 -0.002 0.350 0.014 0.009 0.352
3344 0.017 -0.002 0.350 0.015 0.008 0.352
3354 0.017 -0.002 0.350 0.014 0.007 0.353
3363 0.017 -0.002 0.350 0.015 0.007 0.353
3373 0.017 -0.002 0.350 0.015 0.008 0.353
3383 0.017 -0.002 0.350 0.015 0.007 0.354
3392 1.015 0.007 0.354 0.015 0.007 0.354
3402 1.015 0.007 0.354 0.015 0.006 0.355
3411 1.015 0.007 0.354 0.016 0.006 0.356
3420 1.015 0.007 0.354 0.016 0.006 0.356
3429 1.015 0.007 0.354 0.016 0.006 0.356
3438 1.015 0.007 0.354 0.016 0.005 0.357
3447 1.015 0.007 0.354 0.016 0.005 0.357
3456 1.015 0.007 0.354 0.016 0.005 0.357
3466 1.015 0.007 0.354 0.017 0.003 0.358
3475 1.015 0.007 0.354 0.017 0.003 0.358
3485 1.015 0.007 0.354 0.018 0.004 0.359
3495 1.015 0.007 0.354 0.018 0.003 0.359
3505 1.015 0.007 0.354 0.018 0.003 0.360
3515 1.015 0.007 0.354 0.018 0.003 0.360
3525 1.015 0.007 0.354 0.018 0.003 0.360
3534 1.015 0.007 0.354 0.019 0.002 0.361
3543 1.015 0.007 0.354 0.019 0.002 0.361
3552 1.015 0.007 0.354 0.019 0.002 0.362
3561 1.015 0.007 0.354 0.018 0.002 0.362
3570 1.015 0.007 0.354 0.019 -0.000 0.363
3579 1.015 0.007 0.354 0.019 0.001 0.363
3589 1.015 0.007 0.354 0.019 0.001 0.363
3598 1.015 0.007 0.354 0.020 0.000 0.364
3607 1.015 0.007 0.354 0.020 0.000 0.364
3617 1.015 0.007 0.354 0.020 -0.000 0.365
3628 1.015 0.007 0.354 0.021 -0.001 0.366
3638 1.015 0.007 0.354 0.021 -0.001 0.366
3647 1.015 0.007 0.354 0.023 -0.002 0.367
3656 1.015 0.007 0.354 0.023 -0.002 0.367
3665 1.015 0.007 0.354 0.024 -0.002 0.367
3674 1.015 0.007 0.354 0.025 -0.002 0.367
3683 1.015 0.007 0.354 0.027 -0.002 0.367
3694 1.015 0.007 0.354 0.028 -0.002 0.368
3704 1.015 0.007 0.354 0.031 -0.002 0.368
3714 1.015 0.007 0.354 0.033 -0.002 0.368
3724 1.015 0.007 0.354 0.036 -0.002 0.368
3734 1.015 0.007 0.354 0.039 -0.003 0.368
3744 1.015 0.007 0.354 0.042 -0.003 0.368
3756 1.015 0.007 0.354 0.046 -0.003 0.367
3766 1.015 0.007 0.354 0.050 -0.003 0.367
3776 1.015 0.007 0.354 0.055 -0.002 0.367
3785 1.015 0.007 0.354 0.061 -0.003 0.366
3794 1.015 0.007 0.354 0.066 -0.004 0.366
3803 1.015 0.007 0.354 0.072 -0.003 0.366
3812 1.015 0.007 0.354 0.077 -0.003 0.365
3822 1.015 0.007 0.354 0.081 -0.005 0.365
3831 1.015 0.007 0.354 0.089 -0.004 0.365
3841 1.015 0.007 0.354 0.096 -0.004 0.364
3850 1.015 0.007 0.354 0.102 -0.004 0.363
3859 1.015 0.007 0.354 0.109 -0.004 0.363
3868 1.015 0.007 0.354 0.118 -0.005 0.362
3878 1.015 0.007 0.354 0.125 -0.005 0.362
3893 1.015 0.007 0.354 0.133 -0.005 0.361
3902 1.015 0.007 0.354 0.141 -0.005 0.361
3911 1.015 0.007 0.354 0.150 -0.006 0.360
3920 1.015 0.007 0.354 0.157 -0.004 0.359
3930 1.015 0.007 0.354 0.167 -0.004 0.359
3940 1.015 0.007 0.354 0.176 -0.005 0.358
3949 1.015 0.007 0.354 0.185 -0.004 0.358
3959 1.015 0.007 0.354 0.194 -0.004 0.357
3969 1.015 0.007 0.354 0.204 -0.004 0.357
3978 1.015 0.007 0.354 0.213 -0.003 0.357
3987 1.015 0.007 0.354 0.223 -0.004 0.357
3996 1.015 0.007 0.354 0.223 -0.004 0.357
4006 1.015 0.007 0.354 0.233 -0.004 0.356
4016 1.015 0.007 0.354 0.253 -0.004 0.356
4026 1.015 0.007 0.354 0.264 -0.003 0.356
4035 1.015 0.007 0.354 0.264 -0.003 0.356
4044 1.015 0.007 0.354 0.274 -0.003 0.356
4054 1.015 0.007 0.354 0.285 -0.003 0.356
4064 1.015 0.007 0.354 0.295 -0.003 0.357
4073 1.015 0.007 0.354 0.306 -0.003 0.357
4082 1.015 0.007 0.354 0.317 -0.002 0.357
4091 1.015 0.007 0.354 0.327 -0.002 0.358
4101 1.015 0.007 0.354 0.338 -0.002 0.358
4111 1.015 0.007 0.354 0.348 -0.002 0.358
4121 1.015 0.007 0.354 0.360 -0.002 0.359
4130 1.015 0.007 0.354 0.370 -0.002 0.359
4140 1.015 0.007 0.354 0.380 -0.001 0.360
4150 1.015 0.007 0.354 0.391 -0.001 0.361
4159 1.015 0.007 0.354 0.402 -0.001 0.362
4169 1.015 0.007 0.354 0.412 -0.001 0.362
4178 1.015 0.007 0.354 0.423 -0.001 0.363
4187 1.015 0.007 0.354 0.433 -0.001 0.364
4196 1.015 0.007 0.354 0.433 -0.001 0.364
4205 1.015 0.007 0.354 0.444 -0.000 0.365
4215 1.015 0.007 0.354 0.454 -0.000 0.365
4224 1.015 0.007 0.354 0.464 -0.000 0.366
4234 1.015 0.007 0.354 0.475 -0.001 0.367
4244 1.015 0.007 0.354 0.486 -0.001 0.368
4254 1.015 0.007 0.354 0.495 -0.000 0.369
4263 1.015 0.007 0.354 0.505 0.000 0.370
4273 1.015 0.007 0.354 0.515 0.001 0.371
4283 1.015 0.007 0.354 0.525 0.001 0.372
4293 1.015 0.007 0.354 0.535 0.001 0.373
4302 1.015 0.007 0.354 0.544 0.001 0.373
4312 1.015 0.007 0.354 0.554 0.001 0.374
4321 1.015 0.007 0.354 0.564 0.002 0.375
4331 1.015 0.007 0.354 0.573 0.001 0.376
4340 1.015 0.007 0.354 0.583 0.001 0.377
4349 1.015 0.007 0.354 0.593 0.002 0.378
4358 1.015 0.007 0.354 0.602 0.001 0.378
4367 1.015 0.007 0.354 0.611 0.001 0.379
4376 1.015 0.007 0.354 0.611 0.001 0.379
4386 1.015 0.007 0.354 0.630 0.002 0.380
4396 1.015 0.007 0.354 0.630 0.002 0.380
4406 1.015 0.007 0.354 0.648 0.001 0.382
4416 1.015 0.007 0.354 0.657 0.001 0.382
4425 1.015 0.007 0.354 0.657 0.001 0.382
4435 1.015 0.007 0.354 0.666 0.001 0.383
4445 1.015 0.007 0.354 0.674 0.001 0.384
4455 1.015 0.007 0.354 0.683 0.001 0.384
4464 1.015 0.007 0.354 0.692 0.001 0.385
4473 1.015 0.007 0.354 0.700 0.001 0.385
4483 1.015 0.007 0.354 0.708 0.001 0.386
4492 1.015 0.007 0.354 0.717 0.001 0.386
4502 1.015 0.007 0.354 0.724 0.001 0.387
4511 1.015 0.007 0.354 0.732 0.000 0.387
4521 1.015 0.007 0.354 0.740 0.000 0.387
4530 1.015 0.007 0.354 0.748 0.000 0.388
4539 1.015 0.007 0.354 0.755 0.000 0.388
4548 1.015 0.007 0.354 0.763 -0.000 0.388
4557 1.015 0.007 0.354 0.763 -0.000 0.388
4566 1.015 0.007 0.354 0.770 -0.000 0.389
4576 1.015 0.007 0.354 0.777 -0.001 0.389
4585 1.015 0.007 0.354 0.784 -0.001 0.389
4594 1.015 0.007 0.354 0.791 -0.001 0.389
4604 1.015 0.007 0.354 0.798 -0.001 0.389
4614 1.015 0.007 0.354 0.804 -0.001 0.389
4623 1.015 0.007 0.354 0.810 -0.002 0.389
4633 1.015 0.007 0.354 0.817 -0.002 0.390
4643 1.015 0.007 0.354 0.823 -0.003 0.390
4653 1.015 0.007 0.354 0.829 -0.003 0.390
4663 1.015 0.007 0.354 0.834 -0.002 0.390
4673 1.015 0.007 0.354 0.840 -0.003 0.390
4682 1.015 0.007 0.354 0.846 -0.004 0.390
4691 1.015 0.007 0.354 0.851 -0.003 0.390
4700 1.015 0.007 0.354 0.857 -0.004 0.390
4710 1.015 0.007 0.354 0.861 -0.004 0.390
4719 1.015 0.007 0.354 0.867 -0.004 0.390
4728 1.015 0.007 0.354 0.871 -0.004 0.390
4738 1.015 0.007 0.354 0.876 -0.005 0.390
4747 1.015 0.007 0.354 0.876 -0.005 0.390
4756 1.015 0.007 0.354 0.886 -0.005 0.390
4765 1.015 0.007 0.354 0.886 -0.005 0.390
4775 1.015 0.007 0.354 0.889 -0.004 0.390
4785 1.015 0.007 0.354 0.894 -0.005 0.391
4794 1.015 0.007 0.354 0.898 -0.005 0.391
4803 1.015 0.007 0.354 0.902 -0.005 0.391
4813 1.015 0.007 0.354 0.907 -0.007 0.391
4823 1.015 0.007 0.354 0.911 -0.007 0.391
4833 1.015 0.007 0.354 0.914 -0.007 0.391
4843 1.015 0.007 0.354 0.918 -0.007 0.391
4853 1.015 0.007 0.354 0.921 -0.007 0.391
4862 1.015 0.007 0.354 0.925 -0.008 0.391
4872 1.015 0.007 0.354 0.928 -0.008 0.391
4881 1.015 0.007 0.354 0.932 -0.008 0.391
4890 1.015 0.007 0.354 0.935 -0.007 0.391
4899 1.015 0.007 0.354 0.938 -0.007 0.391
4909 1.015 0.007 0.354 0.941 -0.008 0.392
4919 1.015 0.007 0.354 0.941 -0.008 0.392
4928 1.015 0.007 0.354 0.941 -0.008 0.392
4937 1.015 0.007 0.354 0.947 -0.006 0.392
4946 1.015 0.007 0.354 0.950 -0.008 0.393
4956 1.015 0.007 0.354 0.953 -0.009 0.393
4966 1.015 0.007 0.354 0.956 -0.007 0.393
4976 1.015 0.007 0.354 0.958 -0.008 0.393
4985 1.015 0.007 0.354 0.961 -0.008 0.394
4994 1.015 0.007 0.354 0.964 -0.009 0.394
5003 1.015 0.007 0.354 0.967 -0.007 0.394
5013 1.015 0.007 0.354 0.969 -0.009 0.394
5022 1.015 0.007 0.354 0.971 -0.007 0.395
5032 1.015 0.007 0.354 0.974 -0.008 0.395
5042 1.015 0.007 0.354 0.977 -0.007 0.395
5051 1.015 0.007 0.354 0.979 -0.007 0.395
5060 1.015 0.007 0.354 0.981 -0.009 0.395
5069 1.015 0.007 0.354 0.984 -0.009 0.396
5079 1.015 0.007 0.354 0.986 -0.008 0.395
5088 1.015 0.007 0.354 0.988 -0.008 0.396
5097 1.015 0.007 0.354 0.990 -0.008 0.396
5106 1.015 0.007 0.354 0.990 -0.008 0.396
5115 1.015 0.007 0.354 0.993 -0.008 0.396
5125 1.015 0.007 0.354 0.995 -0.008 0.397
5135 1.015 0.007 0.354 0.997 -0.009 0.397
5145 1.015 0.007 0.354 0.999 -0.007 0.397
5155 1.015 0.007 0.354 1.001 -0.006 0.398
5165 1.015 0.007 0.354 1.003 -0.006 0.398
5175 1.015 0.007 0.354 1.005 -0.006 0.398
5184 1.015 0.007 0.354 1.007 -0.008 0.398
5194 1.015 0.007 0.354 1.010 -0.007 0.398
5203 1.015 0.007 0.354 1.012 -0.006 0.398
5213 1.015 0.007 0.354 1.014 -0.007 0.398
5222 1.015 0.007 0.354 1.016 -0.007 0.398
5231 1.015 0.007 0.354 1.018 -0.006 0.399
5240 1.015 0.007 0.354 1.020 -0.006 0.399
5249 1.015 0.007 0.354 1.022 -0.007 0.399
5258 1.015 0.007 0.354 1.024 -0.006 0.398
5268 1.015 0.007 0.354 1.026 -0.006 0.398
5277 1.015 0.007 0.354 1.028 -0.006 0.398
5287 1.015 0.007 0.354 1.030 -0.005 0.398
5297 1.015 0.007 0.354 1.030 -0.005 0.398
5306 1.015 0.007 0.354 1.032 -0.005 0.398
5315 1.015 0.007 0.354 1.034 -0.005 0.399
5324 1.015 0.007 0.354 1.035 -0.005 0.399
5333 1.015 0.007 0.354 1.037 -0.004 0.398
5342 1.015 0.007 0.354 1.039 -0.004 0.399
5352 1.015 0.007 0.354 1.041 -0.004 0.399
5361 1.015 0.007 0.354 1.043 -0.004 0.398
5370 1.015 0.007 0.354 1.045 -0.004 0.399
5380 1.015 0.007 0.354 1.047 -0.003 0.398
5389 1.015 0.007 0.354 1.048 -0.004 0.399
5399 1.015 0.007 0.354 1.050 -0.004 0.399
5409 1.015 0.007 0.354 1.052 -0.003 0.399
5419 1.015 0.007 0.354 1.054 -0.003 0.398
5428 1.015 0.007 0.354 1.055 -0.003 0.399
5437 1.015 0.007 0.354 1.056 -0.003 0.398
5446 1.015 0.007 0.354 1.058 -0.003 0.399
5455 1.015 0.007 0.354 1.058 -0.003 0.399
5465 1.015 0.007 0.354 1.060 -0.002 0.398
5475 1.015 0.007 0.354 1.061 -0.002 0.398
5484 1.015 0.007 0.354 1.063 -0.002 0.399
5493 1.015 0.007 0.354 1.064 -0.002 0.398
5502 1.015 0.007 0.354 1.066 -0.001 0.399
5512 1.015 0.007 0.354 1.068 -0.001 0.399
5521 1.015 0.007 0.354 1.069 -0.000 0.399
5531 1.015 0.007 0.354 1.070 -0.001 0.398
5540 1.015 0.007 0.354 1.071 -0.000 0.398
5550 1.015 0.007 0.354 1.073 -0.001 0.398
5559 1.015 0.007 0.354 1.074 -0.001 0.398
5569 1.015 0.007 0.354 1.075 -0.000 0.398
5578 1.015 0.007 0.354 1.077 0.000 0.398
5587 1.015 0.007 0.354 1.078 -0.000 0.398
5596 1.015 0.007 0.354 1.079 -0.000 0.398
5605 1.015 0.007 0.354 1.079 -0.000 0.398
5614 1.015 0.007 0.354 1.079 0.001 0.398
5624 1.015 0.007 0.354 1.081 0.001 0.398
5633 1.015 0.007 0.354 1.083 0.000 0.398
5642 1.015 0.007 0.354 1.083 0.000 0.398
5651 1.015 0.007 0.354 1.085 0.001 0.398
5661 1.015 0.007 0.354 1.086 0.002 0.398
5670 1.015 0.007 0.354 1.087 0.001 0.398
5680 1.015 0.007 0.354 1.088 0.001 0.398
5689 1.015 0.007 0.354 1.088 0.002 0.398
5698 1.015 0.007 0.354 1.089 0.001 0.397
5707 1.015 0.007 0.354 1.090 0.002 0.397
5716 1.015 0.007 0.354 1.091 0.002 0.397
5725 1.015 0.007 0.354 1.091 0.002 0.397
5735 1.015 0.007 0.354 1.091 0.002 0.397
5745 1.015 0.007 0.354 1.092 0.002 0.397
5754 1.015 0.007 0.354 1.092 0.002 0.397
5765 1.015 0.007 0.354 1.093 0.003 0.397
5774 1.015 0.007 0.354 1.094 0.003 0.397
5783 1.015 0.007 0.354 1.094 0.003 0.397
5793 1.015 0.007 0.354 1.095 0.003 0.397
5803 1.015 0.007 0.354 1.095 0.003 0.397
5812 1.015 0.007 0.354 1.095 0.003 0.397
5821 1.015 0.007 0.354 1.095 0.003 0.397
5831 1.015 0.007 0.354 1.096 0.003 0.397
5840 1.015 0.007 0.354 1.097 0.003 0.397
5850 1.015 0.007 0.354 1.097 0.003 0.397
5860 1.015 0.007 0.354 1.097 0.003 0.397
5870 1.015 0.007 0.354 1.097 0.003 0.397
5879 1.015 0.007 0.354 1.097 0.003 0.397
5889 1.015 0.007 0.354 1.097 0.003 0.397
5899 1.015 0.007 0.354 1.097 0.003 0.396
5909 1.015 0.007 0.354 1.097 0.003 0.396
5918 1.015 0.007 0.354 1.097 0.003 0.396
5928 1.015 0.007 0.354 1.097 0.003 0.396
5937 1.015 0.007 0.354 1.097 0.004 0.396
5947 1.015 0.007 0.354 1.097 0.004 0.396
5957 1.015 0.007 0.354 1.097 0.004 0.396
5967 1.015 0.007 0.354 1.097 0.004 0.396
5976 1.097 0.004 0.896 1.097 0.004 0.396
5986 1.097 0.004 0.896 1.097 0.004 0.396
5995 1.097 0.004 0.896 1.096 0.004 0.396
6005 1.097 0.004 0.896 1.096 0.004 0.396
6014 1.097 0.004 0.896 1.095 0.004 0.396
6024 1.097 0.004 0.896 1.095 0.004 0.396
6034 1.097 0.004 0.896 1.096 0.003 0.396
6044 1.097 0.004 0.896 1.095 0.003 0.396
6054 1.097 0.004 0.896 1.095 0.003 0.397
6064 1.097 0.004 0.896 1.094 0.003 0.397
6073 1.097 0.004 0.896 1.094 0.003 0.398
6083 1.097 0.004 0.896 1.094 0.003 0.399
6093 1.097 0.004 0.896 1.093 0.003 0.400
6103 1.097 0.004 0.896 1.093 0.003 0.401
6113 1.097 0.004 0.896 1.092 0.003 0.403
6122 1.097 0.004 0.896 1.092 0.003 0.405
6132 1.097 0.004 0.896 1.092 0.003 0.408
6142 1.097 0.004 0.896 1.091 0.003 0.410
6152 1.097 0.004 0.896 1.091 0.003 0.413
6162 1.097 0.004 0.896 1.090 0.003 0.417
6172 1.097 0.004 0.896 1.089 0.003 0.420
6182 1.097 0.004 0.896 1.089 0.004 0.424
6192 1.097 0.004 0.896 1.089 0.004 0.428
6201 1.097 0.004 0.896 1.088 0.003 0.433
6219 1.097 0.004 0.896 1.088 0.005 0.439
6229 1.097 0.004 0.896 1.087 0.006 0.449
6239 1.097 0.004 0.896 1.087 0.004 0.455
6249 1.097 0.004 0.896 1.086 0.004 0.461
6289 1.097 0.004 0.896 1.085 0.006 0.489
6299 1.097 0.004 0.896 1.086 0.006 0.497
6309 1.097 0.004 0.896 1.086 0.006 0.505
6319 1.097 0.004 0.896 1.086 0.008 0.513
6329 1.097 0.004 0.896 1.086 0.008 0.522
6339 1.097 0.004 0.896 1.085 0.010 0.531
6348 1.097 0.004 0.896 1.086 0.009 0.539
6359 1.097 0.004 0.896 1.086 0.010 0.548
6369 1.097 0.004 0.896 1.086 0.012 0.558
6378 1.097 0.004 0.896 1.086 0.012 0.568
6388 1.097 0.004 0.896 1.087 0.013 0.577
6398 1.097 0.004 0.896 1.087 0.014 0.587
6408 1.097 0.004 0.896 1.087 0.015 0.596
6418 1.097 0.004 0.896 1.088 0.016 0.606
6428 1.097 0.004 0.896 1.088 0.017 0.617
6438 1.097 0.004 0.896 1.088 0.017 0.627
6448 1.097 0.004 0.896 1.089 0.018 0.636
6458 1.097 0.004 0.896 1.090 0.019 0.647
6468 1.097 0.004 0.896 1.090 0.020 0.656
6524 1.097 0.004 0.896 1.094 0.023 0.705
6534 1.097 0.004 0.896 1.094 0.023 0.715
6544 1.097 0.004 0.896 1.096 0.024 0.724
6554 1.097 0.004 0.896 1.096 0.024 0.733
6564 1.097 0.004 0.896 1.097 0.025 0.742
6574 1.097 0.004 0.896 1.099 0.025 0.751
6584 1.097 0.004 0.896 1.099 0.025 0.760
6593 1.097 0.004 0.896 1.101 0.026 0.768
6603 1.097 0.004 0.896 1.101 0.026 0.777
6613 1.097 0.004 0.896 1.103 0.026 0.785
6623 1.097 0.004 0.896 1.104 0.026 0.793
6632 1.097 0.004 0.896 1.105 0.025 0.800
6642 1.097 0.004 0.896 1.106 0.026 0.808
6651 1.097 0.004 0.896 1.107 0.026 0.815
6661 1.097 0.004 0.896 1.108 0.025 0.822
6671 1.097 0.004 0.896 1.109 0.025 0.829
6681 1.097 0.004 0.896 1.110 0.026 0.836
6691 1.097 0.004 0.896 1.111 0.026 0.843
6701 1.097 0.004 0.896 1.112 0.026 0.849
6711 1.097 0.004 0.896 1.112 0.026 0.849
6721 1.097 0.004 0.896 1.114 0.024 0.861
6731 1.097 0.004 0.896 1.115 0.024 0.867
6741 1.097 0.004 0.896 1.116 0.024 0.873
6750 1.097 0.004 0.896 1.117 0.024 0.878
6760 1.097 0.004 0.896 1.118 0.024 0.883
6770 1.097 0.004 0.896 1.120 0.023 0.888
6780 1.097 0.004 0.896 1.120 0.023 0.893
6790 1.097 0.004 0.896 1.121 0.022 0.898
6800 1.097 0.004 0.896 1.122 0.022 0.902
6809 1.097 0.004 0.896 1.123 0.021 0.906
6819 1.097 0.004 0.896 1.124 0.021 0.910
6829 1.097 0.004 0.896 1.125 0.021 0.914
6839 1.097 0.004 0.896 1.126 0.020 0.918
6849 1.097 0.004 0.896 1.126 0.020 0.921
6859 1.097 0.004 0.896 1.127 0.019 0.925
6869 1.097 0.004 0.896 1.128 0.019 0.928
6879 1.097 0.004 0.896 1.129 0.018 0.931
6889 1.097 0.004 0.896 1.129 0.017 0.934
6899 1.097 0.004 0.896 1.130 0.017 0.937
6909 1.097 0.004 0.896 1.131 0.016 0.939
6919 1.097 0.004 0.896 1.131 0.016 0.941
6929 1.097 0.004 0.896 1.132 0.015 0.944
6939 1.097 0.004 0.896 1.133 0.014 0.946
6949 1.097 0.004 0.896 1.133 0.014 0.948
6959 1.097 0.004 0.896 1.134 0.013 0.950
6969 1.097 0.004 0.896 1.134 0.012 0.952
6979 1.097 0.004 0.896 1.135 0.012 0.954
6989 1.097 0.004 0.896 1.135 0.011 0.955
6998 1.097 0.004 0.896 1.136 0.011 0.958
7008 1.097 0.004 0.896 1.136 0.010 0.959
7018 1.097 0.004 0.896 1.136 0.010 0.959
7027 1.097 0.004 0.896 1.136 0.010 0.959
7037 1.097 0.004 0.896 1.136 0.010 0.959
7046 1.097 0.004 0.896 1.137 0.007 0.964
7056 1.097 0.004 0.896 1.137 0.005 0.965
7066 1.097 0.004 0.896 1.137 0.005 0.966
7076 1.097 0.004 0.896 1.137 0.005 0.967
7086 1.097 0.004 0.896 1.137 0.005 0.967
7096 1.097 0.004 0.896 1.138 0.005 0.969
7106 1.097 0.004 0.896 1.138 0.004 0.970
7115 1.097 0.004 0.896 1.138 0.004 0.970
7124 1.097 0.004 0.896 1.138 0.004 0.971
7134 1.097 0.004 0.896 1.138 0.002 0.972
7144 1.097 0.004 0.896 1.138 0.002 0.973
7153 1.097 0.004 0.896 1.138 0.002 0.973
7162 1.097 0.004 0.896 1.138 0.001 0.973
7172 1.097 0.004 0.896 1.138 0.001 0.975
7182 1.097 0.004 0.896 1.138 -0.000 0.975
7192 1.097 0.004 0.896 1.138 -0.000 0.976
7202 1.097 0.004 0.896 1.138 -0.001 0.977
7212 1.097 0.004 0.896 1.138 -0.001 0.977
7222 1.097 0.004 0.896 1.138 -0.002 0.978
7232 1.097 0.004 0.896 1.138 -0.002 0.978
7242 1.097 0.004 0.896 1.138 -0.002 0.979
7428 1.097 0.004 0.896 1.136 -0.006 0.986
7438 1.097 0.004 0.896 1.136 -0.006 0.986
7448 1.097 0.004 0.896 1.136 -0.006 0.986
7458 1.097 0.004 0.896 1.135 -0.006 0.987
7468 1.097 0.004 0.896 1.135 -0.006 0.987
7478 1.097 0.004 0.896 1.135 -0.006 0.988
7488 1.097 0.004 0.896 1.135 -0.006 0.988
7502 1.097 0.004 0.896 1.135 -0.006 0.988
7512 1.097 0.004 0.896 1.135 -0.006 0.989
7522 1.097 0.004 0.896 1.135 -0.007 0.989
7532 1.097 0.004 0.896 1.135 -0.007 0.989
7542 1.097 0.004 0.896 1.135 -0.007 0.989
7552 1.097 0.004 0.896 1.135 -0.007 0.989
7562 1.097 0.004 0.896 1.135 -0.007 0.990
7573 1.097 0.004 0.896 1.134 -0.006 0.989
7583 1.097 0.004 0.896 1.134 -0.005 0.989
7593 1.097 0.004 0.896 1.135 -0.006 0.990
7602 1.097 0.004 0.896 1.135 -0.006 0.990
7612 1.097 0.004 0.896 1.135 -0.006 0.990
7622 1.097 0.004 0.896 1.135 -0.006 0.990
7632 1.097 0.004 0.896 1.135 -0.006 0.991
7641 1.097 0.004 0.896 1.135 -0.005 0.991
7651 1.097 0.004 0.896 1.135 -0.005 0.991
7661 1.097 0.004 0.896 1.135 -0.005 0.992
7671 1.097 0.004 0.896 1.135 -0.006 0.992
7680 1.097 0.004 0.896 1.135 -0.006 0.992
7733 1.097 0.004 0.896 1.134 -0.006 0.992
7743 1.097 0.004 0.896 1.134 -0.006 0.992
7759 1.097 0.004 0.896 1.134 -0.006 0.992
7769 1.097 0.004 0.896 1.134 -0.005 0.992
7779 1.097 0.004 0.896 1.134 -0.005 0.992
7789 1.097 0.004 0.896 1.134 -0.005 0.992
7799 1.097 0.004 0.896 1.133 -0.005 0.992
7809 1.097 0.004 0.896 1.133 -0.005 0.992
7819 1.097 0.004 0.896 1.133 -0.005 0.992
7829 1.097 0.004 0.896 1.133 -0.005 0.992
7839 1.097 0.004 0.896 1.133 -0.005 0.993
7849 1.097 0.004 0.896 1.133 -0.005 0.993
7859 1.097 0.004 0.896 1.133 -0.005 0.993
7869 1.097 0.004 0.896 1.133 -0.005 0.993
7879 1.097 0.004 0.896 1.132 -0.006 0.992
7889 1.097 0.004 0.896 1.132 -0.006 0.992
7899 1.097 0.004 0.896 1.132 -0.006 0.992
7909 1.097 0.004 0.896 1.132 -0.006 0.992
7919 1.097 0.004 0.896 1.132 -0.006 0.992
7929 1.097 0.004 0.896 1.132 -0.006 0.992
7939 1.097 0.004 0.896 1.132 -0.006 0.992
7949 1.097 0.004 0.896 1.132 -0.006 0.992
7959 1.097 0.004 0.896 1.132 -0.005 0.992
7969 1.097 0.004 0.896 1.131 -0.006 0.991
7979 1.097 0.004 0.896 1.131 -0.006 0.991
7988 1.097 0.004 0.896 1.131 -0.006 0.991
8028 1.097 0.004 0.896 1.130 -0.006 0.991
8038 1.097 0.004 0.896 1.130 -0.007 0.990
8048 1.097 0.004 0.896 1.130 -0.007 0.990
8058 1.097 0.004 0.896 1.130 -0.007 0.990
8067 1.097 0.004 0.896 1.130 -0.007 0.991
8077 1.097 0.004 0.896 1.130 -0.008 0.990
8087 1.097 0.004 0.896 1.130 -0.008 0.990
8097 1.097 0.004 0.896 1.130 -0.008 0.990
8106 1.097 0.004 0.896 1.129 -0.008 0.990
8116 1.097 0.004 0.896 1.129 -0.008 0.990
8126 1.097 0.004 0.896 1.129 -0.008 0.990
8136 1.097 0.004 0.896 1.129 -0.008 0.989
8146 1.097 0.004 0.896 1.128 -0.007 0.989
8156 1.097 0.004 0.896 1.128 -0.009 0.989
8166 1.097 0.004 0.896 1.128 -0.009 0.988
8175 1.097 0.004 0.896 1.128 -0.009 0.988
8185 1.097 0.004 0.896 1.128 -0.009 0.988
8195 1.097 0.004 0.896 1.127 -0.009 0.988
8205 1.097 0.004 0.896 1.127 -0.009 0.988
8215 1.097 0.004 0.896 1.127 -0.010 0.988
8224 1.097 0.004 0.896 1.127 -0.010 0.987
8234 1.097 0.004 0.896 1.127 -0.010 0.987
8244 1.097 0.004 0.896 1.126 -0.010 0.987
8268 1.097 0.004 0.896 1.125 -0.010 0.986
8278 1.097 0.004 0.896 1.125 -0.011 0.986
8370 1.097 0.004 0.896 1.121 -0.012 0.984
8380 1.097 0.004 0.896 1.121 -0.012 0.984
8390 1.097 0.004 0.896 1.120 -0.012 0.984
8400 1.097 0.004 0.896 1.120 -0.012 0.984
8410 1.097 0.004 0.896 1.119 -0.012 0.983
8420 1.097 0.004 0.896 1.119 -0.012 0.983
8430 1.097 0.004 0.896 1.119 -0.012 0.983
8440 1.097 0.004 0.896 1.118 -0.012 0.983
8450 1.097 0.004 0.896 1.118 -0.011 0.982
8460 1.097 0.004 0.896 1.117 -0.011 0.982
8470 1.097 0.004 0.896 1.117 -0.011 0.982
8480 1.097 0.004 0.896 1.116 -0.011 0.982
8490 1.097 0.004 0.896 1.116 -0.011 0.982
8501 1.097 0.004 0.896 1.115 -0.011 0.981
8511 1.097 0.004 0.896 1.115 -0.011 0.981
8521 1.097 0.004 0.896 1.114 -0.011 0.981
8531 1.097 0.004 0.896 1.114 -0.011 0.981
8541 1.097 0.004 0.896 1.114 -0.011 0.981
8551 1.097 0.004 0.896 1.113 -0.010 0.980
8561 1.097 0.004 0.896 1.113 -0.010 0.980
8571 1.113 -0.010 0.200 1.112 -0.010 0.980
8581 1.113 -0.010 0.200 1.112 -0.010 0.979
8591 1.113 -0.010 0.200 1.112 -0.010 0.980
8601 1.113 -0.010 0.200 1.111 -0.010 0.980
8611 1.113 -0.010 0.200 1.110 -0.010 0.979
8620 1.113 -0.010 0.200 1.110 -0.010 0.979
8669 1.113 -0.010 0.200 1.108 -0.009 0.978
8679 1.113 -0.010 0.200 1.108 -0.009 0.978
8688 1.113 -0.010 0.200 1.107 -0.009 0.977
8698 1.113 -0.010 0.200 1.107 -0.008 0.977
8708 1.113 -0.010 0.200 1.106 -0.008 0.977
8718 1.113 -0.010 0.200 1.106 -0.009 0.977
8728 1.113 -0.010 0.200 1.106 -0.008 0.977
8738 1.113 -0.010 0.200 1.105 -0.008 0.977
8829 1.113 -0.010 0.200 1.103 -0.007 0.971
8839 1.113 -0.010 0.200 1.102 -0.007 0.969
8849 1.113 -0.010 0.200 1.102 -0.007 0.966
8859 1.113 -0.010 0.200 1.102 -0.007 0.966
8868 1.113 -0.010 0.200 1.102 -0.006 0.961
8878 1.113 -0.010 0.200 1.101 -0.007 0.958
8888 1.113 -0.010 0.200 1.101 -0.007 0.954
8897 1.113 -0.010 0.200 1.101 -0.007 0.950
8907 1.113 -0.010 0.200 1.101 -0.006 0.945
8917 1.113 -0.010 0.200 1.101 -0.007 0.940
8961 1.113 -0.010 0.200 1.100 -0.007 0.916
8971 1.113 -0.010 0.200 1.100 -0.007 0.909
8981 1.113 -0.010 0.200 1.100 -0.007 0.901
8990 1.113 -0.010 0.200 1.100 -0.008 0.893
9019 1.113 -0.010 0.200 1.100 -0.009 0.867
9029 1.113 -0.010 0.200 1.099 -0.008 0.857
9039 1.113 -0.010 0.200 1.100 -0.009 0.848
9049 1.113 -0.010 0.200 1.100 -0.009 0.838
9059 1.113 -0.010 0.200 1.099 -0.009 0.828
9068 1.113 -0.010 0.200 1.099 -0.009 0.817
9078 1.113 -0.010 0.200 1.100 -0.010 0.806
9088 1.113 -0.010 0.200 1.100 -0.010 0.795
9098 1.113 -0.010 0.200 1.099 -0.010 0.783
9108 1.113 -0.010 0.200 1.100 -0.011 0.772
9117 1.113 -0.010 0.200 1.100 -0.012 0.760
9127 1.113 -0.010 0.200 1.100 -0.012 0.748
9137 1.113 -0.010 0.200 1.099 -0.011 0.736
9147 1.113 -0.010 0.200 1.099 -0.012 0.724
9157 1.113 -0.010 0.200 1.099 -0.012 0.712
9167 1.113 -0.010 0.200 1.100 -0.012 0.699
9177 1.113 -0.010 0.200 1.100 -0.013 0.687
9187 1.113 -0.010 0.200 1.100 -0.013 0.687
9197 1.113 -0.010 0.200 1.100 -0.015 0.661
9207 1.113 -0.010 0.200 1.100 -0.014 0.649
9217 1.113 -0.010 0.200 1.100 -0.016 0.637
9288 1.113 -0.010 0.200 1.101 -0.016 0.551
9309 1.113 -0.010 0.200 1.101 -0.017 0.528
9319 1.113 -0.010 0.200 1.101 -0.017 0.517
9329 1.113 -0.010 0.200 1.101 -0.017 0.505
9339 1.113 -0.010 0.200 1.102 -0.017 0.494
9349 1.113 -0.010 0.200 1.102 -0.017 0.484
9359 1.113 -0.010 0.200 1.102 -0.017 0.473
9369 1.113 -0.010 0.200 1.102 -0.016 0.462
9379 1.113 -0.010 0.200 1.102 -0.016 0.452
9389 1.113 -0.010 0.200 1.102 -0.016 0.442
9399 1.113 -0.010 0.200 1.103 -0.015 0.433
9409 1.113 -0.010 0.200 1.103 -0.015 0.424
9419 1.113 -0.010 0.200 1.103 -0.015 0.414
9429 1.113 -0.010 0.200 1.103 -0.015 0.405
9439 1.113 -0.010 0.200 1.103 -0.015 0.397
9449 1.113 -0.010 0.200 1.104 -0.013 0.388
9459 1.113 -0.010 0.200 1.104 -0.013 0.380
9469 1.113 -0.010 0.200 1.105 -0.013 0.372
9479 1.113 -0.010 0.200 1.105 -0.012 0.364
9489 1.113 -0.010 0.200 1.105 -0.012 0.357
9499 1.113 -0.010 0.200 1.105 -0.010 0.350
9509 1.113 -0.010 0.200 1.106 -0.010 0.343
9519 1.113 -0.010 0.200 1.106 -0.010 0.336
9529 1.113 -0.010 0.200 1.107 -0.009 0.330
9538 1.113 -0.010 0.200 1.107 -0.009 0.324
9591 1.113 -0.010 0.200 1.108 -0.005 0.296
9601 1.113 -0.010 0.200 1.108 -0.005 0.296
9610 1.113 -0.010 0.200 1.109 -0.004 0.287
9620 1.113 -0.010 0.200 1.109 -0.003 0.282
9630 1.113 -0.010 0.200 1.109 -0.002 0.278
9640 1.113 -0.010 0.200 1.110 -0.001 0.275
9650 1.113 -0.010 0.200 1.110 -0.000 0.271
9660 1.113 -0.010 0.200 1.110 0.001 0.267
9670 1.113 -0.010 0.200 1.110 0.001 0.262
9680 1.113 -0.010 0.200 1.110 0.001 0.259
9690 1.113 -0.010 0.200 1.110 0.002 0.255
9700 1.113 -0.010 0.200 1.110 0.003 0.252
9710 1.113 -0.010 0.200 1.111 0.002 0.249
9719 1.113 -0.010 0.200 1.111 0.004 0.246
9729 1.113 -0.010 0.200 1.111 0.004 0.243
9739 1.113 -0.010 0.200 1.111 0.004 0.240
9748 1.113 -0.010 0.200 1.111 0.005 0.237
9758 1.113 -0.010 0.200 1.111 0.005 0.235
9768 1.113 -0.010 0.200 1.111 0.006 0.232
9778 1.113 -0.010 0.200 1.112 0.007 0.230
9788 1.113 -0.010 0.200 1.112 0.007 0.228
9798 1.113 -0.010 0.200 1.111 0.008 0.226
9807 1.113 -0.010 0.200 1.112 0.008 0.223
9817 1.113 -0.010 0.200 1.112 0.009 0.221
9827 1.113 -0.010 0.200 1.111 0.009 0.219
9837 1.113 -0.010 0.200 1.112 0.009 0.217
9847 1.113 -0.010 0.200 1.112 0.009 0.215
9882 1.113 -0.010 0.200 1.112 0.010 0.210
9892 1.113 -0.010 0.200 1.112 0.010 0.208
9902 1.113 -0.010 0.200 1.112 0.010 0.207
9912 1.113 -0.010 0.200 1.112 0.011 0.205
9922 1.113 -0.010 0.200 1.112 0.011 0.204
9932 1.113 -0.010 0.200 1.112 0.010 0.202
9942 1.113 -0.010 0.200 1.112 0.011 0.201
9952 1.113 -0.010 0.200 1.111 0.012 0.200
9962 1.113 -0.010 0.200 1.113 0.011 0.198
9972 1.113 -0.010 0.200 1.111 0.011 0.197
9982 1.113 -0.010 0.200 1.112 0.012 0.196
9992 1.113 -0.010 0.200 1.112 0.012 0.195
10002 1.113 -0.010 0.200 1.112 0.012 0.194
10012 1.113 -0.010 0.200 1.113 0.011 0.192
10022 1.113 -0.010 0.200 1.112 0.011 0.192
10032 1.113 -0.010 0.200 1.112 0.012 0.190
10042 1.113 -0.010 0.200 1.113 0.011 0.189
10052 1.113 -0.010 0.200 1.112 0.011 0.189
10062 1.113 -0.010 0.200 1.113 0.011 0.188
10072 1.113 -0.010 0.200 1.113 0.011 0.187
10082 1.113 -0.010 0.200 1.112 0.010 0.186
10092 1.113 -0.010 0.200 1.113 0.010 0.186
10102 1.113 -0.010 0.200 1.113 0.009 0.185
10112 1.113 -0.010 0.200 1.112 0.009 0.184
10122 1.113 -0.010 0.200 1.113 0.009 0.183
10131 1.113 -0.010 0.200 1.112 0.009 0.182
10294 1.113 -0.010 0.000 1.111 0.002 0.174
10314 1.113 -0.010 0.000 1.110 0.001 0.173
10324 1.113 -0.010 0.000 1.111 0.001 0.173
10334 1.113 -0.010 0.000 1.110 0.000 0.172
10344 1.113 -0.010 0.000 1.110 -0.000 0.172
10354 1.113 -0.010 0.000 1.110 -0.001 0.171
10364 1.113 -0.010 0.000 1.110 0.000 0.170
10374 1.113 -0.010 0.000 1.110 0.000 0.170
10383 1.113 -0.010 0.000 1.110 0.000 0.170
10393 1.113 -0.010 0.000 1.110 -0.002 0.168
10402 1.113 -0.010 0.000 1.110 -0.001 0.166
10412 1.113 -0.010 0.000 1.110 -0.002 0.165
10421 1.113 -0.010 0.000 1.110 -0.003 0.163
10431 1.113 -0.010 0.000 1.110 -0.002 0.162
10440 1.113 -0.010 0.000 1.109 -0.002 0.160
10450 1.113 -0.010 0.000 1.109 -0.003 0.158
10460 1.113 -0.010 0.000 1.109 -0.006 0.156
10470 1.113 -0.010 0.000 1.109 -0.005 0.152
10480 1.113 -0.010 0.000 1.109 -0.005 0.150
10490 1.113 -0.010 0.000 1.109 -0.005 0.147
10500 1.113 -0.010 0.000 1.108 -0.005 0.143
10510 1.113 -0.010 0.000 1.109 -0.004 0.140
10520 1.113 -0.010 0.000 1.108 -0.005 0.137
10529 1.113 -0.010 0.000 1.108 -0.004 0.134
10539 1.113 -0.010 0.000 1.109 -0.006 0.130
10549 1.113 -0.010 0.000 1.108 -0.004 0.127
10572 1.113 -0.010 0.000 1.109 -0.007 0.123
10582 1.113 -0.010 0.000 1.109 -0.006 0.119
10592 1.113 -0.010 0.000 1.108 -0.007 0.111
10602 1.113 -0.010 0.000 1.108 -0.007 0.108
10612 1.113 -0.010 0.000 1.108 -0.006 0.103
10622 1.113 -0.010 0.000 1.109 -0.007 0.100
10632 1.113 -0.010 0.000 1.108 -0.006 0.095
10642 1.113 -0.010 0.000 1.108 -0.008 0.090
10652 1.113 -0.010 0.000 1.108 -0.008 0.086
10662 1.113 -0.010 0.000 1.108 -0.007 0.083
10672 1.113 -0.010 0.000 1.108 -0.007 0.079
10682 1.113 -0.010 0.000 1.108 -0.008 0.075
10692 1.113 -0.010 0.000 1.108 -0.009 0.069
10702 1.113 -0.010 0.000 1.108 -0.009 0.066
10712 1.113 -0.010 0.000 1.107 -0.009 0.061
10721 1.113 -0.010 0.000 1.108 -0.009 0.058
10731 1.113 -0.010 0.000 1.108 -0.008 0.054
10741 1.113 -0.010 0.000 1.108 -0.009 0.050
10750 1.113 -0.010 0.000 1.108 -0.009 0.047
10760 1.113 -0.010 0.000 1.108 -0.008 0.043
10769 1.113 -0.010 0.000 1.106 -0.008 0.040
10779 1.113 -0.010 0.000 1.107 -0.009 0.037
10788 1.113 -0.010 0.000 1.107 -0.009 0.033
10797 1.113 -0.010 0.000 1.107 -0.010 0.030
10806 1.113 -0.010 0.000 1.107 -0.008 0.026
10815 1.113 -0.010 0.000 1.107 -0.008 0.026
10824 1.113 -0.010 0.000 1.107 -0.009 0.021
10833 1.113 -0.010 0.000 1.107 -0.009 0.017
10842 1.113 -0.010 0.000 1.107 -0.009 0.012
10852 1.113 -0.010 0.000 1.107 -0.008 0.008
10861 1.113 -0.010 0.000 1.108 -0.011 0.003
10870 1.113 -0.010 0.000 1.107 -0.008 0.005
10879 1.113 -0.010 0.000 1.106 -0.008 0.007
10888 1.113 -0.010 0.000 1.107 -0.009 0.008
10897 1.113 -0.010 0.000 1.105 -0.006 0.008
10906 1.113 -0.010 0.000 1.105 -0.007 0.007
10915 1.113 -0.010 0.000 1.105 -0.007 0.007
10925 1.113 -0.010 0.000 1.104 -0.006 0.007
10934 1.113 -0.010 0.000 1.105 -0.006 0.007
10943 1.113 -0.010 0.000 1.105 -0.006 0.007
10952 1.113 -0.010 0.000 1.103 -0.006 0.005
10961 1.113 -0.010 0.000 1.104 -0.007 0.004
10970 1.113 -0.010 0.000 1.103 -0.005 0.004
10979 1.113 -0.010 0.000 1.104 -0.006 0.005
10988 1.113 -0.010 0.000 1.103 -0.004 0.005
10998 1.113 -0.010 0.000 1.105 -0.004 0.006
11007 1.113 -0.010 0.000 1.105 -0.004 0.006
11016 1.113 -0.010 0.000 1.104 -0.005 0.004
11025 1.113 -0.010 0.000 1.104 -0.005 0.004
11034 1.113 -0.010 0.000 1.104 -0.003 0.004
11043 1.113 -0.010 0.000 1.104 -0.004 0.004
11052 1.113 -0.010 0.000 1.104 -0.004 0.004
11061 1.113 -0.010 0.000 1.104 -0.003 0.003
11071 1.113 -0.010 0.000 1.105 -0.004 0.004
11080 1.113 -0.010 0.000 1.105 -0.003 0.004
11089 1.113 -0.010 0.000 1.105 -0.003 0.004
11098 1.113 -0.010 0.000 1.105 -0.003 0.004
11107 1.113 -0.010 0.000 1.105 -0.003 0.004
11116 1.113 -0.010 0.000 1.105 -0.003 0.004
11125 1.113 -0.010 0.000 1.105 -0.003 0.004
11134 1.113 -0.010 0.000 1.104 -0.004 0.004
11144 1.113 -0.010 0.000 1.105 -0.003 0.004
11153 1.113 -0.010 0.000 1.105 -0.003 0.004
11162 1.113 -0.010 0.000 1.105 -0.003 0.004
11171 1.113 -0.010 0.000 1.105 -0.003 0.004
11180 1.113 -0.010 0.000 1.105 -0.003 0.004
11189 1.113 -0.010 0.000 1.105 -0.003 0.004
11198 1.113 -0.010 0.000 1.105 -0.003 0.004
11207 1.113 -0.010 0.000 1.105 -0.003 0.004
11217 1.113 -0.010 0.000 1.105 -0.003 0.004
11226 1.113 -0.010 0.000 1.105 -0.003 0.004
11235 1.113 -0.010 0.000 1.105 -0.003 0.004
11244 1.113 -0.010 0.000 1.105 -0.003 0.004
11253 1.113 -0.010 0.000 1.105 -0.003 0.004
11262 1.113 -0.010 0.000 1.105 -0.003 0.004
11271 1.113 -0.010 0.000 1.104 -0.003 0.004
11280 1.113 -0.010 0.000 1.105 -0.003 0.004
11290 1.113 -0.010 0.000 1.105 -0.003 0.004
11299 1.113 -0.010 0.000 1.105 -0.003 0.004
11308 1.113 -0.010 0.000 1.105 -0.003 0.004
11317 1.113 -0.010 0.000 1.105 -0.003 0.004
11326 1.113 -0.010 0.000 1.105 -0.003 0.004
11335 1.113 -0.010 0.000 1.105 -0.003 0.004
11344 1.113 -0.010 0.000 1.105 -0.003 0.004
11353 1.113 -0.010 0.000 1.105 -0.003 0.004
11363 1.113 -0.010 0.000 1.105 -0.003 0.004
11372 1.113 -0.010 0.000 1.105 -0.003 0.004
11381 1.113 -0.010 0.000 1.105 -0.003 0.004
11390 1.113 -0.010 0.000 1.105 -0.003 0.004
11399 1.113 -0.010 0.000 1.105 -0.003 0.004
11408 1.113 -0.010 0.000 1.105 -0.003 0.004
11417 1.113 -0.010 0.000 1.105 -0.003 0.004
11426 1.113 -0.010 0.000 1.105 -0.004 0.004
11436 1.113 -0.010 0.000 1.105 -0.004 0.004
11445 1.113 -0.010 0.000 1.105 -0.003 0.004
11454 1.113 -0.010 0.000 1.105 -0.003 0.004
11463 1.113 -0.010 0.000 1.105 -0.003 0.004
11472 1.113 -0.010 0.000 1.105 -0.003 0.004
11481 1.113 -0.010 0.000 1.105 -0.003 0.004
11490 1.113 -0.010 0.000 1.105 -0.003 0.004
11499 1.113 -0.010 0.000 1.105 -0.003 0.004
11509 1.113 -0.010 0.000 1.105 -0.003 0.004
11518 1.113 -0.010 0.000 1.105 -0.003 0.004
11527 1.113 -0.010 0.000 1.105 -0.003 0.004
11536 1.113 -0.010 0.000 1.105 -0.003 0.004
11545 1.113 -0.010 0.000 1.105 -0.003 0.004
11554 1.113 -0.010 0.000 1.105 -0.003 0.004
11563 1.113 -0.010 0.000 1.105 -0.004 0.004
11572 1.113 -0.010 0.000 1.105 -0.003 0.004
11582 1.113 -0.010 0.000 1.105 -0.003 0.004
11591 1.113 -0.010 0.000 1.105 -0.003 0.004
11600 1.113 -0.010 0.000 1.105 -0.004 0.004
11609 1.113 -0.010 0.000 1.105 -0.004 0.004
11618 1.113 -0.010 0.000 1.105 -0.003 0.004
11627 1.113 -0.010 0.000 1.105 -0.004 0.004
11636 1.113 -0.010 0.000 1.105 -0.004 0.004
11645 1.113 -0.010 0.000 1.105 -0.004 0.004
11655 1.113 -0.010 0.000 1.105 -0.004 0.004
11664 1.113 -0.010 0.000 1.105 -0.004 0.004
11673 1.113 -0.010 0.000 1.105 -0.004 0.004
11682 1.113 -0.010 0.000 1.105 -0.003 0.004
11691 1.113 -0.010 0.000 1.105 -0.003 0.004
11700 1.113 -0.010 0.000 1.105 -0.003 0.004
11709 1.113 -0.010 0.000 1.105 -0.003 0.004
11718 1.113 -0.010 0.000 1.105 -0.003 0.004
11727 1.113 -0.010 0.000 1.105 -0.003 0.004
11737 1.113 -0.010 0.000 1.105 -0.003 0.004
11746 1.113 -0.010 0.000 1.105 -0.003 0.004
11755 1.113 -0.010 0.000 1.105 -0.003 0.004
11764 1.113 -0.010 0.000 1.105 -0.003 0.004
11773 1.113 -0.010 0.000 1.105 -0.003 0.004
11782 1.113 -0.010 0.000 1.105 -0.003 0.004
11791 1.113 -0.010 0.000 1.105 -0.003 0.004
11800 1.113 -0.010 0.000 1.105 -0.003 0.004
11809 1.113 -0.010 0.000 1.105 -0.003 0.004
11819 1.113 -0.010 0.000 1.105 -0.003 0.004
11828 1.113 -0.010 0.000 1.105 -0.003 0.004
11837 1.113 -0.010 0.000 1.105 -0.003 0.004
11846 1.113 -0.010 0.000 1.105 -0.003 0.004
11855 1.113 -0.010 0.000 1.105 -0.003 0.004
11864 1.113 -0.010 0.000 1.105 -0.003 0.004
11873 1.113 -0.010 0.000 1.105 -0.003 0.004
11883 1.113 -0.010 0.000 1.105 -0.003 0.004
11892 1.113 -0.010 0.000 1.105 -0.004 0.004
11901 1.113 -0.010 0.000 1.105 -0.004 0.004
11910 1.113 -0.010 0.000 1.105 -0.004 0.004
11919 1.113 -0.010 0.000 1.105 -0.004 0.004
11928 1.113 -0.010 0.000 1.105 -0.003 0.004
11937 1.113 -0.010 0.000 1.105 -0.003 0.004
11946 1.113 -0.010 0.000 1.105 -0.003 0.004
11955 1.113 -0.010 0.000 1.105 -0.003 0.004
11965 1.113 -0.010 0.000 1.105 -0.003 0.004
11974 1.113 -0.010 0.000 1.105 -0.004 0.004
11983 1.113 -0.010 0.000 1.105 -0.004 0.004
11992 1.113 -0.010 0.000 1.105 -0.004 0.004
12001 1.113 -0.010 0.000 1.105 -0.004 0.004
12010 1.113 -0.010 0.000 1.105 -0.004 0.004
12019 1.113 -0.010 0.000 1.105 -0.004 0.004
12028 1.113 -0.010 0.000 1.105 -0.003 0.004
12038 1.113 -0.010 0.000 1.105 -0.003 0.004
12047 1.113 -0.010 0.000 1.105 -0.003 0.004
12056 1.113 -0.010 0.000 1.105 -0.003 0.004
12065 1.113 -0.010 0.000 1.105 -0.003 0.004
12074 1.113 -0.010 0.000 1.105 -0.003 0.004
12083 1.113 -0.010 0.000 1.105 -0.003 0.004
12092 1.113 -0.010 0.000 1.105 -0.003 0.004
12102 1.113 -0.010 0.000 1.105 -0.003 0.004
12111 1.113 -0.010 0.000 1.105 -0.004 0.004
12120 1.113 -0.010 0.000 1.105 -0.004 0.004
12129 1.113 -0.010 0.000 1.104 -0.004 0.004
12138 1.113 -0.010 0.000 1.105 -0.003 0.004
12147 1.113 -0.010 0.000 1.105 -0.004 0.004
12156 1.113 -0.010 0.000 1.105 -0.004 0.004
12165 1.113 -0.010 0.000 1.105 -0.004 0.004
12174 1.113 -0.010 0.000 1.105 -0.003 0.004
12184 1.113 -0.010 0.000 1.105 -0.003 0.004
12193 1.113 -0.010 0.000 1.105 -0.003 0.004
12202 1.113 -0.010 0.000 1.105 -0.003 0.004
12211 1.113 -0.010 0.000 1.105 -0.004 0.004
12220 1.113 -0.010 0.000 1.105 -0.004 0.004
12229 1.113 -0.010 0.000 1.105 -0.004 0.004
12238 1.113 -0.010 0.000 1.105 -0.004 0.004
12247 1.113 -0.010 0.000 1.105 -0.003 0.004
12257 1.113 -0.010 0.000 1.105 -0.003 0.004
12266 1.113 -0.010 0.000 1.105 -0.003 0.004
12275 1.113 -0.010 0.000 1.104 -0.004 0.004
12284 1.113 -0.010 0.000 1.104 -0.004 0.004
12293 1.113 -0.010 0.000 1.105 -0.004 0.004
12302 1.113 -0.010 0.000 1.105 -0.004 0.004
12311 1.113 -0.010 0.000 1.105 -0.004 0.004
12320 1.113 -0.010 0.000 1.105 -0.004 0.004
12330 1.113 -0.010 0.000 1.105 -0.004 0.004
12339 1.113 -0.010 0.000 1.105 -0.004 0.004
12348 1.113 -0.010 0.000 1.105 -0.004 0.004
12357 1.113 -0.010 0.000 1.105 -0.003 0.004
12366 1.113 -0.010 0.000 1.105 -0.003 0.004
12375 1.113 -0.010 0.000 1.105 -0.003 0.004
12384 1.113 -0.010 0.000 1.105 -0.003 0.004
12393 1.113 -0.010 0.000 1.105 -0.003 0.004
12403 1.113 -0.010 0.000 1.105 -0.004 0.004
12412 1.113 -0.010 0.000 1.105 -0.004 0.004
12421 1.113 -0.010 0.000 1.105 -0.004 0.004
12430 1.113 -0.010 0.000 1.105 -0.003 0.004
12439 1.113 -0.010 0.000 1.105 -0.003 0.004
12448 1.113 -0.010 0.000 1.105 -0.003 0.004
12457 1.113 -0.010 0.000 1.105 -0.003 0.004
12466 1.113 -0.010 0.000 1.104 -0.003 0.003
12476 1.113 -0.010 0.000 1.104 -0.003 0.003
12485 1.113 -0.010 0.000 1.105 -0.003 0.004
12494 1.113 -0.010 0.000 1.105 -0.003 0.004
12503 1.113 -0.010 0.000 1.105 -0.003 0.004
12512 1.113 -0.010 0.000 1.105 -0.003 0.004
12521 1.113 -0.010 0.000 1.105 -0.003 0.004
12530 1.113 -0.010 0.000 1.104 -0.003 0.003
12539 1.113 -0.010 0.000 1.105 -0.003 0.004
12549 1.113 -0.010 0.000 1.105 -0.003 0.004
12558 1.113 -0.010 0.000 1.105 -0.003 0.004
12567 1.113 -0.010 0.000 1.105 -0.003 0.004

