T Xr Yr Zr Xa Ya Za
0 0.000 0.000 0.000 0.000 0.000 0.000
9 0.000 0.000 0.000 0.014 0.003 0.006
18 0.000 0.000 0.000 0.014 0.003 0.006
27 0.000 0.000 0.000 0.014 0.003 0.006
36 0.000 0.000 0.000 0.014 0.003 0.006
45 0.000 0.000 0.000 0.014 0.003 0.006
54 0.000 0.000 0.000 0.014 0.003 0.006
63 0.000 0.000 0.000 0.014 0.003 0.006
73 0.000 0.000 0.000 0.014 0.003 0.006
82 0.000 0.000 0.000 0.014 0.003 0.006
91 0.000 0.000 0.000 0.014 0.003 0.006
100 0.000 0.000 0.000 0.014 0.003 0.006
109 0.000 0.000 0.000 0.014 0.003 0.006
118 0.000 0.000 0.000 0.014 0.003 0.006
127 0.000 0.000 0.000 0.014 0.003 0.006
136 0.000 0.000 0.000 0.014 0.003 0.006
146 0.000 0.000 0.000 0.014 0.003 0.006
155 0.000 0.000 0.000 0.014 0.003 0.006
164 0.000 0.000 0.000 0.014 0.003 0.006
173 0.000 0.000 0.000 0.014 0.003 0.006
182 0.000 0.000 0.000 0.014 0.003 0.006
191 0.000 0.000 0.000 0.014 0.003 0.006
200 0.000 0.000 0.000 0.014 0.003 0.006
210 0.000 0.000 0.000 0.014 0.003 0.006
219 0.000 0.000 0.000 0.014 0.003 0.006
228 0.000 0.000 0.000 0.014 0.003 0.006
237 0.000 0.000 0.000 0.014 0.003 0.006
246 0.000 0.000 0.000 0.014 0.004 0.006
255 0.000 0.000 0.000 0.014 0.003 0.006
264 0.000 0.000 0.000 0.014 0.003 0.006
273 0.000 0.000 0.000 0.014 0.003 0.006
282 0.000 0.000 0.000 0.014 0.003 0.006
292 0.000 0.000 0.000 0.014 0.003 0.006
301 0.000 0.000 0.000 0.014 0.003 0.006
310 0.000 0.000 0.000 0.014 0.003 0.006
319 0.000 0.000 0.000 0.014 0.003 0.006
328 0.000 0.000 0.000 0.014 0.003 0.006
337 0.000 0.000 0.000 0.014 0.003 0.006
346 0.000 0.000 0.000 0.014 0.003 0.006
355 0.000 0.000 0.000 0.014 0.003 0.006
365 0.000 0.000 0.000 0.014 0.003 0.006
374 0.000 0.000 0.000 0.014 0.003 0.006
383 0.000 0.000 0.000 0.014 0.003 0.006
392 0.000 0.000 0.000 0.014 0.003 0.006
401 0.000 0.000 0.000 0.014 0.003 0.006
410 0.000 0.000 0.000 0.014 0.003 0.006
419 0.000 0.000 0.000 0.014 0.003 0.006
428 0.000 0.000 0.000 0.014 0.003 0.006
438 0.000 0.000 0.000 0.014 0.003 0.006
447 0.000 0.000 0.000 0.014 0.003 0.006
456 0.000 0.000 0.000 0.014 0.003 0.006
465 0.000 0.000 0.000 0.014 0.003 0.006
474 0.000 0.000 0.000 0.014 0.003 0.006
483 0.000 0.000 0.000 0.014 0.003 0.006
492 0.000 0.000 0.000 0.014 0.003 0.006
501 0.000 0.000 0.000 0.014 0.003 0.006
510 0.000 0.000 0.000 0.014 0.003 0.006
520 0.000 0.000 0.000 0.014 0.003 0.006
529 0.000 0.000 0.000 0.014 0.003 0.006
538 0.000 0.000 0.000 0.014 0.003 0.006
547 0.000 0.000 0.000 0.014 0.003 0.006
556 0.000 0.000 0.000 0.014 0.003 0.006
565 0.000 0.000 0.000 0.014 0.003 0.006
574 0.000 0.000 0.000 0.014 0.003 0.006
583 0.000 0.000 0.000 0.014 0.003 0.006
593 0.000 0.000 0.000 0.014 0.003 0.006
602 0.000 0.000 0.000 0.014 0.003 0.006
611 0.000 0.000 0.000 0.014 0.003 0.006
620 0.000 0.000 0.000 0.014 0.003 0.006
629 0.000 0.000 0.000 0.014 0.003 0.006
638 0.000 0.000 0.000 0.014 0.003 0.006
647 0.000 0.000 0.000 0.014 0.003 0.006
657 0.000 0.000 0.000 0.014 0.003 0.006
666 0.000 0.000 0.000 0.014 0.003 0.006
675 0.000 0.000 0.000 0.014 0.003 0.006
684 0.000 0.000 0.000 0.014 0.003 0.006
693 0.000 0.000 0.000 0.014 0.003 0.006
702 0.000 0.000 0.000 0.014 0.003 0.006
711 0.000 0.000 0.000 0.014 0.003 0.006
720 0.000 0.000 0.000 0.014 0.003 0.006
730 0.000 0.000 0.000 0.014 0.003 0.006
739 0.000 0.000 0.000 0.014 0.003 0.006
748 0.000 0.000 0.000 0.014 0.003 0.006
757 0.000 0.000 0.000 0.014 0.003 0.006
766 0.000 0.000 0.000 0.014 0.003 0.006
775 0.000 0.000 0.000 0.014 0.003 0.006
784 0.000 0.000 0.000 0.014 0.003 0.006
793 0.000 0.000 0.000 0.014 0.003 0.006
803 0.000 0.000 0.000 0.014 0.003 0.006
812 0.000 0.000 0.000 0.014 0.003 0.006
821 0.000 0.000 0.000 0.014 0.003 0.006
830 0.000 0.000 0.000 0.014 0.003 0.006
839 0.000 0.000 0.000 0.014 0.003 0.006
848 0.000 0.000 0.000 0.014 0.003 0.006
857 0.000 0.000 0.000 0.014 0.003 0.006
866 0.000 0.000 0.000 0.014 0.003 0.006
876 0.000 0.000 0.000 0.014 0.003 0.006
885 0.000 0.000 0.000 0.014 0.003 0.006
894 0.000 0.000 0.000 0.014 0.003 0.006
903 0.000 0.000 0.000 0.014 0.003 0.006
912 0.000 0.000 0.000 0.014 0.003 0.006
921 0.000 0.000 0.000 0.014 0.003 0.006
930 0.000 0.000 0.000 0.014 0.003 0.006
939 0.000 0.000 0.000 0.014 0.003 0.006
948 0.000 0.000 0.000 0.014 0.003 0.006
958 0.000 0.000 0.000 0.014 0.003 0.006
967 0.000 0.000 0.000 0.014 0.003 0.006
976 0.000 0.000 0.000 0.014 0.003 0.006
985 0.000 0.000 0.000 0.014 0.003 0.006
994 0.000 0.000 0.000 0.014 0.003 0.006
1003 0.000 0.000 0.000 0.014 0.003 0.006
1012 0.000 0.000 0.000 0.014 0.003 0.006
1021 0.000 0.000 0.000 0.014 0.003 0.006
1031 0.000 0.000 0.000 0.014 0.003 0.006
1040 0.000 0.000 0.000 0.014 0.003 0.006
1049 0.000 0.000 0.000 0.014 0.003 0.006
1058 0.000 0.000 0.000 0.014 0.003 0.006
1067 0.000 0.000 0.000 0.014 0.003 0.006
1076 0.000 0.000 0.000 0.014 0.003 0.006
1085 0.000 0.000 0.000 0.014 0.003 0.006
1094 0.000 0.000 0.000 0.014 0.003 0.006
1104 0.000 0.000 0.000 0.014 0.003 0.006
1113 0.000 0.000 0.000 0.014 0.003 0.006
1122 0.000 0.000 0.000 0.014 0.003 0.006
1131 0.000 0.000 0.000 0.014 0.003 0.006
1140 0.000 0.000 0.000 0.014 0.003 0.006
1149 0.000 0.000 0.000 0.014 0.003 0.006
1158 0.000 0.000 0.000 0.014 0.003 0.006
1167 0.000 0.000 0.000 0.014 0.003 0.006
1177 0.000 0.000 0.000 0.014 0.003 0.006
1186 0.000 0.000 0.000 0.014 0.003 0.006
1195 0.000 0.000 0.000 0.014 0.003 0.006
1204 0.000 0.000 0.000 0.014 0.003 0.006
1213 0.000 0.000 0.000 0.014 0.003 0.006
1222 0.000 0.000 0.000 0.014 0.003 0.006
1231 0.000 0.000 0.000 0.014 0.003 0.006
1240 0.000 0.000 0.000 0.014 0.003 0.006
1250 0.000 0.000 0.000 0.014 0.003 0.006
1259 0.000 0.000 0.000 0.014 0.003 0.006
1268 0.000 0.000 0.000 0.014 0.003 0.006
1277 0.000 0.000 0.000 0.014 0.003 0.006
1286 0.000 0.000 0.000 0.014 0.003 0.006
1295 0.000 0.000 0.000 0.014 0.003 0.006
1304 0.000 0.000 0.000 0.014 0.003 0.006
1313 0.000 0.000 0.000 0.014 0.003 0.006
1323 0.000 0.000 0.000 0.014 0.003 0.006
1332 0.000 0.000 0.000 0.014 0.003 0.006
1341 0.000 0.000 0.000 0.014 0.003 0.006
1350 0.000 0.000 0.000 0.014 0.003 0.006
1359 0.000 0.000 0.000 0.014 0.003 0.006
1368 0.000 0.000 0.000 0.014 0.003 0.006
1377 0.000 0.000 0.000 0.014 0.003 0.006
1386 0.000 0.000 0.000 0.014 0.003 0.006
1396 0.000 0.000 0.000 0.014 0.003 0.006
1405 0.000 0.000 0.000 0.014 0.003 0.006
1414 0.000 0.000 0.000 0.014 0.003 0.006
1423 0.000 0.000 0.000 0.014 0.003 0.006
1432 0.000 0.000 0.000 0.014 0.003 0.006
1441 0.000 0.000 0.000 0.014 0.003 0.006
1450 0.000 0.000 0.000 0.014 0.003 0.006
1460 0.000 0.000 0.000 0.014 0.003 0.006
1469 0.000 0.000 0.000 0.014 0.003 0.006
1478 0.000 0.000 0.000 0.014 0.003 0.006
1487 0.000 0.000 0.000 0.014 0.003 0.006
1496 0.000 0.000 0.000 0.014 0.003 0.006
1505 0.000 0.000 0.000 0.014 0.003 0.006
1514 0.000 0.000 0.000 0.014 0.003 0.006
1523 0.000 0.000 0.000 0.014 0.003 0.006
1532 0.000 0.000 0.000 0.014 0.003 0.006
1542 0.000 0.000 0.000 0.014 0.003 0.006
1551 0.000 0.000 0.000 0.014 0.003 0.006
1560 0.000 0.000 0.000 0.014 0.003 0.006
1569 0.000 0.000 0.000 0.014 0.003 0.006
1578 0.000 0.000 0.000 0.014 0.003 0.006
1587 0.000 0.000 0.000 0.014 0.003 0.006
1596 0.000 0.000 0.000 0.014 0.003 0.006
1605 0.000 0.000 0.000 0.014 0.003 0.006
1614 0.000 0.000 0.000 0.014 0.003 0.006
1624 0.000 0.000 0.000 0.014 0.003 0.006
1633 0.000 0.000 0.000 0.014 0.003 0.006
1642 0.000 0.000 0.000 0.014 0.003 0.006
1651 0.000 0.000 0.000 0.014 0.003 0.006
1660 0.000 0.000 0.000 0.014 0.003 0.006
1669 0.000 0.000 0.000 0.014 0.003 0.006
1678 0.000 0.000 0.000 0.014 0.003 0.006
1687 0.000 0.000 0.000 0.014 0.003 0.006
1697 0.000 0.000 0.000 0.014 0.003 0.006
1706 0.000 0.000 0.000 0.014 0.003 0.006
1715 0.000 0.000 0.000 0.014 0.003 0.006
1724 0.000 0.000 0.000 0.014 0.003 0.006
1733 0.000 0.000 0.000 0.014 0.003 0.006
1742 0.000 0.000 0.000 0.014 0.003 0.006
1751 0.000 0.000 0.000 0.014 0.003 0.006
1761 0.000 0.000 0.000 0.014 0.003 0.006
1770 0.000 0.000 0.000 0.014 0.003 0.006
1779 0.000 0.000 0.000 0.014 0.003 0.006
1788 0.000 0.000 0.000 0.014 0.003 0.006
1797 0.000 0.000 0.000 0.014 0.003 0.006
1806 0.000 0.000 0.000 0.014 0.003 0.006
1815 0.000 0.000 0.000 0.014 0.003 0.006
1824 0.000 0.000 0.000 0.014 0.003 0.006
1834 0.000 0.000 0.000 0.014 0.003 0.006
1843 0.000 0.000 0.000 0.014 0.003 0.006
1852 0.000 0.000 0.000 0.014 0.003 0.006
1861 0.000 0.000 0.000 0.014 0.003 0.006
1870 0.000 0.000 0.000 0.014 0.003 0.006
1879 0.000 0.000 0.000 0.014 0.003 0.006
1888 0.000 0.000 0.000 0.014 0.003 0.006
1897 0.000 0.000 0.000 0.014 0.003 0.006
1906 0.000 0.000 0.000 0.014 0.003 0.006
1916 0.000 0.000 0.000 0.014 0.003 0.006
1925 0.000 0.000 0.000 0.014 0.003 0.006
1934 0.000 0.000 0.000 0.014 0.003 0.006
1943 0.000 0.000 0.000 0.014 0.003 0.006
1952 0.000 0.000 0.000 0.014 0.003 0.006
1961 0.000 0.000 0.000 0.014 0.003 0.006
1970 0.000 0.000 0.000 0.014 0.003 0.006
1979 0.000 0.000 0.000 0.014 0.003 0.006
1989 0.000 0.000 0.000 0.014 0.003 0.006
1998 0.000 0.000 0.000 0.014 0.003 0.006
2007 0.000 0.000 0.000 0.014 0.003 0.006
2016 0.000 0.000 0.000 0.014 0.003 0.006
2025 0.000 0.000 0.000 0.014 0.003 0.006
2034 0.000 0.000 0.000 0.014 0.003 0.006
2043 0.000 0.000 0.000 0.014 0.003 0.006
2052 0.000 0.000 0.000 0.014 0.003 0.006
2061 0.000 0.000 0.000 0.014 0.003 0.006
2071 0.000 0.000 0.000 0.014 0.003 0.006
2080 0.000 0.000 0.000 0.014 0.003 0.006
2089 0.000 0.000 0.000 0.014 0.003 0.006
2098 0.000 0.000 0.000 0.014 0.003 0.006
2107 0.000 0.000 0.000 0.014 0.003 0.006
2116 0.000 0.000 0.000 0.014 0.003 0.006
2125 0.000 0.000 0.000 0.014 0.003 0.006
2134 0.000 0.000 0.000 0.014 0.003 0.006
2143 0.000 0.000 0.000 0.014 0.003 0.006
2153 0.000 0.000 0.000 0.014 0.003 0.006
2162 0.000 0.000 0.000 0.014 0.003 0.006
2171 0.000 0.000 0.000 0.014 0.003 0.006
2180 0.000 0.000 0.000 0.014 0.003 0.006
2189 0.000 0.000 0.000 0.014 0.003 0.006
2198 0.000 0.000 0.000 0.014 0.003 0.006
2207 0.000 0.000 0.000 0.014 0.003 0.006
2216 0.000 0.000 0.000 0.014 0.003 0.006
2226 0.000 0.000 0.000 0.014 0.003 0.006
2235 0.000 0.000 0.000 0.014 0.003 0.006
2244 0.000 0.000 0.000 0.014 0.003 0.006
2253 0.000 0.000 0.000 0.014 0.003 0.006
2262 0.000 0.000 0.000 0.014 0.003 0.006
2271 0.000 0.000 0.000 0.014 0.003 0.006
2280 0.000 0.000 0.000 0.014 0.003 0.006
2289 0.000 0.000 0.000 0.014 0.003 0.006
2298 0.000 0.000 0.000 0.014 0.004 0.006
2307 0.000 0.000 0.000 0.014 0.003 0.006
2317 0.000 0.000 0.000 0.014 0.003 0.006
2326 0.000 0.000 0.000 0.014 0.003 0.006
2335 0.000 0.000 0.000 0.014 0.003 0.006
2344 0.000 0.000 0.000 0.014 0.003 0.006
2353 0.000 0.000 0.000 0.014 0.003 0.006
2362 0.000 0.000 0.000 0.014 0.003 0.006
2371 0.000 0.000 0.000 0.014 0.003 0.006
2380 0.000 0.000 0.000 0.014 0.003 0.006
2389 0.000 0.000 0.000 0.014 0.003 0.006
2399 0.000 0.000 0.000 0.014 0.003 0.006
2408 0.000 0.000 0.000 0.014 0.003 0.006
2417 0.000 0.000 0.000 0.014 0.003 0.006
2426 0.000 0.000 0.000 0.014 0.003 0.006
2435 0.000 0.000 0.000 0.014 0.003 0.006
2444 0.000 0.000 0.000 0.014 0.003 0.006
2453 0.000 0.000 0.000 0.014 0.003 0.006
2462 0.000 0.000 0.000 0.014 0.003 0.006
2472 0.000 0.000 0.000 0.014 0.003 0.006
2481 0.000 0.000 0.000 0.014 0.003 0.006
2490 0.000 0.000 0.000 0.014 0.003 0.006
2499 0.000 0.000 0.000 0.014 0.003 0.006
2508 0.000 0.000 0.000 0.014 0.003 0.006
2517 0.000 0.000 0.000 0.014 0.003 0.006
2526 0.000 0.000 0.000 0.014 0.003 0.006
2535 0.000 0.000 0.000 0.014 0.003 0.006
2545 0.000 0.000 0.000 0.014 0.003 0.006
2554 0.000 0.000 0.000 0.014 0.003 0.006
2563 0.000 0.000 0.000 0.014 0.003 0.006
2572 0.000 0.000 0.000 0.014 0.003 0.006
2581 0.000 0.000 0.000 0.014 0.003 0.006
2590 0.000 0.000 0.000 0.014 0.003 0.006
2599 0.000 0.000 0.000 0.014 0.003 0.006
2608 0.000 0.000 0.000 0.014 0.003 0.006
2618 0.000 0.000 0.000 0.014 0.003 0.006
2627 0.000 0.000 0.000 0.014 0.003 0.006
2636 0.000 0.000 0.000 0.014 0.003 0.006
2645 0.000 0.000 0.000 0.014 0.003 0.006
2654 0.000 0.000 0.000 0.014 0.003 0.006
2663 0.000 0.000 0.000 0.014 0.003 0.006
2672 0.000 0.000 0.000 0.014 0.003 0.006
2681 0.000 0.000 0.000 0.014 0.003 0.006
2690 0.000 0.000 0.000 0.014 0.003 0.006
2700 0.000 0.000 0.000 0.014 0.003 0.006
2709 0.000 0.000 0.000 0.014 0.003 0.006
2718 0.000 0.000 0.000 0.014 0.003 0.006
2727 0.000 0.000 0.000 0.014 0.003 0.006
2736 0.000 0.000 0.000 0.014 0.003 0.006
2745 0.000 0.000 0.000 0.014 0.003 0.006
2754 0.000 0.000 0.000 0.014 0.003 0.006
2763 0.000 0.000 0.000 0.014 0.003 0.006
2773 0.000 0.000 0.000 0.014 0.003 0.006
2782 0.000 0.000 0.000 0.014 0.003 0.006
2791 0.000 0.000 0.000 0.014 0.003 0.006
2800 0.000 0.000 0.000 0.014 0.003 0.006
2809 0.000 0.000 0.000 0.014 0.003 0.006
2818 0.000 0.000 0.000 0.014 0.003 0.006
2827 0.000 0.000 0.000 0.014 0.003 0.006
2836 0.000 0.000 0.000 0.014 0.003 0.006
2845 0.000 0.000 0.000 0.014 0.003 0.006
2855 0.000 0.000 0.000 0.014 0.003 0.006
2864 0.000 0.000 0.000 0.014 0.003 0.006
2873 0.000 0.000 0.000 0.014 0.003 0.006
2882 0.000 0.000 0.000 0.014 0.003 0.006
2891 0.000 0.000 0.000 0.014 0.003 0.006
2900 0.000 0.000 0.000 0.014 0.003 0.006
2909 0.000 0.000 0.000 0.014 0.003 0.006
2918 0.000 0.000 0.000 0.014 0.003 0.006
2927 0.000 0.000 0.000 0.014 0.003 0.006
2936 0.000 0.000 0.000 0.014 0.003 0.006
2946 0.000 0.000 0.000 0.014 0.003 0.006
2955 0.000 0.000 0.000 0.014 0.003 0.006
2964 0.000 0.000 0.000 0.014 0.003 0.006
2973 0.000 0.000 0.000 0.014 0.003 0.006
2982 0.000 0.000 0.000 0.014 0.003 0.006
2991 0.000 0.000 0.000 0.014 0.003 0.006
3000 0.000 0.000 0.000 0.014 0.003 0.006
3009 0.000 0.000 0.000 0.014 0.003 0.006
3019 0.000 0.000 0.000 0.014 0.003 0.006
3028 0.000 0.000 0.000 0.014 0.003 0.006
3037 0.000 0.000 0.000 0.014 0.003 0.006
3046 0.000 0.000 0.000 0.014 0.003 0.006
3055 0.000 0.000 0.000 0.014 0.003 0.006
3064 0.000 0.000 0.000 0.014 0.003 0.006
3073 0.000 0.000 0.000 0.014 0.003 0.006
3082 0.000 0.000 0.000 0.014 0.003 0.006
3091 0.000 0.000 0.000 0.014 0.003 0.006
3101 0.000 0.000 0.000 0.014 0.003 0.006
3110 0.000 0.000 0.000 0.014 0.003 0.006
3119 0.000 0.000 0.000 0.014 0.003 0.006
3128 0.000 0.000 0.000 0.014 0.003 0.006
3137 0.000 0.000 0.000 0.014 0.003 0.006
3146 0.000 0.000 0.000 0.014 0.003 0.006
3155 0.000 0.000 0.000 0.014 0.003 0.006
3165 0.000 0.000 0.000 0.014 0.003 0.006
3174 0.000 0.000 0.000 0.014 0.003 0.006
3183 0.000 0.000 0.000 0.014 0.003 0.006
3192 0.000 0.000 0.000 0.014 0.003 0.006
3201 0.000 0.000 0.000 0.014 0.003 0.006
3210 0.000 0.000 0.000 0.014 0.003 0.006
3219 0.000 0.000 0.000 0.014 0.003 0.006
3229 0.000 0.000 0.000 0.014 0.003 0.006
3238 0.000 0.000 0.000 0.014 0.003 0.006
3247 0.000 0.000 0.000 0.014 0.003 0.006
3256 0.000 0.000 0.000 0.014 0.003 0.006
3265 0.000 0.000 0.000 0.014 0.003 0.006
3274 0.000 0.000 0.000 0.014 0.003 0.006
3283 0.000 0.000 0.000 0.014 0.003 0.006
3292 0.000 0.000 0.000 0.014 0.003 0.006
3302 0.000 0.000 0.000 0.014 0.003 0.006
3311 0.000 0.000 0.000 0.014 0.003 0.006
3320 0.000 0.000 0.000 0.014 0.003 0.006
3329 0.000 0.000 0.000 0.014 0.003 0.006
3338 0.000 0.000 0.000 0.014 0.003 0.006
3347 0.000 0.000 0.000 0.014 0.003 0.006
3356 0.000 0.000 0.000 0.014 0.003 0.006
3365 0.000 0.000 0.000 0.014 0.003 0.006
3375 0.000 0.000 0.000 0.014 0.003 0.006
3384 0.000 0.000 0.000 0.014 0.003 0.006
3393 0.000 0.000 0.000 0.014 0.003 0.006
3402 0.000 0.000 0.000 0.014 0.003 0.006
3411 0.000 0.000 0.000 0.014 0.003 0.006
3420 0.000 0.000 0.000 0.014 0.003 0.006
3429 0.000 0.000 0.000 0.014 0.003 0.006
3438 0.000 0.000 0.000 0.014 0.003 0.006
3448 0.000 0.000 0.000 0.014 0.003 0.006
3457 0.000 0.000 0.000 0.014 0.003 0.006
3466 0.000 0.000 0.000 0.014 0.003 0.006
3475 0.000 0.000 0.000 0.014 0.003 0.006
3484 0.000 0.000 0.000 0.014 0.003 0.006
3493 0.000 0.000 0.000 0.014 0.003 0.006
3502 0.000 0.000 0.000 0.014 0.003 0.006
3511 0.000 0.000 0.000 0.014 0.003 0.006
3521 0.000 0.000 0.000 0.014 0.003 0.006
3530 0.000 0.000 0.000 0.014 0.003 0.006
3539 0.000 0.000 0.000 0.014 0.003 0.006
3548 0.000 0.000 0.000 0.014 0.003 0.006
3557 0.000 0.000 0.000 0.014 0.003 0.006
3566 0.000 0.000 0.000 0.014 0.003 0.006
3575 0.000 0.000 0.000 0.014 0.003 0.006
3584 0.000 0.000 0.000 0.014 0.003 0.006
3594 0.000 0.000 0.000 0.014 0.003 0.006
3603 0.000 0.000 0.000 0.014 0.003 0.006
3612 0.000 0.000 0.000 0.014 0.003 0.006
3621 0.000 0.000 0.000 0.014 0.003 0.006
3630 0.000 0.000 0.000 0.014 0.003 0.006
3639 0.000 0.000 0.000 0.014 0.003 0.006
3648 0.000 0.000 0.000 0.014 0.003 0.006
3658 0.000 0.000 0.000 0.014 0.003 0.006
3667 0.000 0.000 0.000 0.014 0.003 0.006
3676 0.000 0.000 0.000 0.014 0.003 0.006
3685 0.000 0.000 0.000 0.014 0.003 0.006
3694 0.000 0.000 0.000 0.014 0.003 0.006
3703 0.000 0.000 0.000 0.014 0.003 0.006
3712 0.000 0.000 0.000 0.014 0.003 0.006
3721 0.000 0.000 0.000 0.014 0.003 0.006
3731 0.000 0.000 0.000 0.014 0.003 0.006
3740 0.000 0.000 0.000 0.014 0.004 0.006
3749 0.000 0.000 0.000 0.014 0.003 0.006
3758 0.000 0.000 0.000 0.014 0.003 0.006
3767 0.000 0.000 0.000 0.014 0.003 0.006
3776 0.000 0.000 0.000 0.014 0.003 0.006
3785 0.000 0.000 0.000 0.014 0.003 0.006
3794 0.000 0.000 0.000 0.014 0.003 0.006
3803 0.000 0.000 0.000 0.014 0.003 0.006
3813 0.000 0.000 0.000 0.014 0.003 0.006
3822 0.000 0.000 0.000 0.014 0.003 0.006
3831 0.000 0.000 0.000 0.014 0.003 0.006
3840 0.000 0.000 0.000 0.014 0.004 0.006
3849 0.000 0.000 0.000 0.014 0.003 0.006
3858 0.000 0.000 0.000 0.014 0.003 0.006
3867 0.000 0.000 0.000 0.014 0.003 0.006
3877 0.000 0.000 0.000 0.014 0.003 0.006
3886 0.000 0.000 0.000 0.014 0.003 0.006
3895 0.000 0.000 0.000 0.014 0.003 0.006
3904 0.000 0.000 0.000 0.014 0.003 0.006
3913 0.000 0.000 0.000 0.014 0.003 0.006
3922 0.000 0.000 0.000 0.014 0.003 0.006
3931 0.000 0.000 0.000 0.014 0.003 0.006
3940 0.000 0.000 0.000 0.014 0.003 0.006
3950 0.000 0.000 0.000 0.014 0.003 0.006
3959 0.000 0.000 0.000 0.014 0.003 0.006
3968 0.000 0.000 0.000 0.014 0.003 0.006
3977 0.000 0.000 0.000 0.014 0.003 0.006
3986 0.000 0.000 0.000 0.014 0.003 0.006
3995 0.000 0.000 0.000 0.014 0.003 0.006
4004 0.000 0.000 0.000 0.014 0.003 0.006
4013 0.000 0.000 0.000 0.014 0.003 0.006
4022 0.000 0.000 0.000 0.014 0.003 0.006
4031 0.000 0.000 0.000 0.014 0.003 0.006
4041 0.000 0.000 0.000 0.014 0.003 0.006
4050 0.000 0.000 0.000 0.014 0.003 0.006
4059 0.000 0.000 0.000 0.014 0.003 0.006
4068 0.000 0.000 0.000 0.014 0.003 0.006
4077 0.000 0.000 0.000 0.014 0.003 0.006
4086 0.000 0.000 0.000 0.014 0.003 0.006
4095 0.000 0.000 0.000 0.014 0.003 0.006
4104 0.000 0.000 0.000 0.014 0.003 0.006
4114 0.000 0.000 0.000 0.014 0.003 0.006
4123 0.000 0.000 0.000 0.014 0.003 0.006
4132 0.000 0.000 0.000 0.014 0.003 0.006
4141 0.000 0.000 0.000 0.014 0.003 0.006
4150 0.000 0.000 0.000 0.014 0.003 0.006
4159 0.000 0.000 0.000 0.014 0.003 0.006
4168 0.000 0.000 0.000 0.014 0.003 0.006
4177 0.000 0.000 0.000 0.014 0.003 0.006
4186 0.000 0.000 0.000 0.014 0.003 0.006
4196 0.000 0.000 0.000 0.014 0.003 0.006
4205 0.000 0.000 0.000 0.014 0.003 0.006
4214 0.000 0.000 0.000 0.014 0.003 0.006
4223 0.000 0.000 0.000 0.014 0.003 0.006
4232 0.000 0.000 0.000 0.014 0.003 0.006
4241 0.000 0.000 0.000 0.014 0.003 0.006
4250 0.000 0.000 0.000 0.014 0.003 0.006
4259 0.000 0.000 0.000 0.014 0.003 0.006
4269 0.000 0.000 0.000 0.014 0.003 0.006
4278 0.000 0.000 0.000 0.014 0.003 0.006
4287 0.000 0.000 0.000 0.014 0.003 0.006
4296 0.000 0.000 0.000 0.014 0.003 0.006
4305 0.000 0.000 0.000 0.014 0.003 0.006
4314 0.000 0.000 0.000 0.014 0.003 0.006
4323 0.000 0.000 0.000 0.014 0.003 0.006
4332 0.000 0.000 0.000 0.014 0.003 0.006
4341 0.000 0.000 0.000 0.014 0.003 0.006
4351 0.000 0.000 0.000 0.014 0.003 0.006
4360 0.000 0.000 0.000 0.014 0.003 0.006
4369 0.000 0.000 0.000 0.014 0.003 0.006
4378 0.000 0.000 0.000 0.014 0.003 0.006
4387 0.000 0.000 0.000 0.014 0.004 0.006
4396 0.000 0.000 0.000 0.014 0.003 0.006
4405 0.000 0.000 0.000 0.014 0.003 0.006
4414 0.000 0.000 0.000 0.014 0.003 0.006
4423 0.015 0.003 0.350 0.014 0.003 0.006
4433 0.015 0.003 0.350 0.014 0.003 0.006
4443 0.015 0.003 0.350 0.014 0.003 0.006
4452 0.015 0.003 0.350 0.014 0.003 0.006
4462 0.015 0.003 0.350 0.014 0.003 0.006
4472 0.015 0.003 0.350 0.014 0.003 0.006
4481 0.015 0.003 0.350 0.014 0.003 0.006
4490 0.015 0.003 0.350 0.014 0.003 0.006
4500 0.015 0.003 0.350 0.014 0.003 0.006
4509 0.015 0.003 0.350 0.014 0.003 0.006
4518 0.015 0.003 0.350 0.014 0.003 0.006
4528 0.015 0.003 0.350 0.014 0.003 0.006
4537 0.015 0.003 0.350 0.014 0.003 0.006
4547 0.015 0.003 0.350 0.014 0.003 0.006
4557 0.015 0.003 0.350 0.014 0.003 0.006
4566 0.015 0.003 0.350 0.014 0.003 0.006
4575 0.015 0.003 0.350 0.014 0.003 0.006
4585 0.015 0.003 0.350 0.014 0.003 0.006
4606 0.015 0.003 0.350 0.014 0.003 0.006
4615 0.015 0.003 0.350 0.014 0.003 0.006
4624 0.015 0.003 0.350 0.014 0.003 0.006
4634 0.015 0.003 0.350 0.014 0.003 0.006
4643 0.015 0.003 0.350 0.014 0.003 0.006
4653 0.015 0.003 0.350 0.014 0.003 0.006
4663 0.015 0.003 0.350 0.014 0.003 0.006
4673 0.015 0.003 0.350 0.013 0.004 0.006
4682 0.015 0.003 0.350 0.013 0.005 0.006
4691 0.015 0.003 0.350 0.014 0.005 0.007
4700 0.015 0.003 0.350 0.014 0.004 0.008
4710 0.015 0.003 0.350 0.014 0.005 0.009
4719 0.015 0.003 0.350 0.014 0.004 0.011
4729 0.015 0.003 0.350 0.015 0.006 0.013
4738 0.015 0.003 0.350 0.015 0.005 0.015
4747 0.015 0.003 0.350 0.013 0.006 0.017
4756 0.015 0.003 0.350 0.013 0.006 0.019
4766 0.015 0.003 0.350 0.013 0.006 0.022
4776 0.015 0.003 0.350 0.013 0.005 0.026
4785 0.015 0.003 0.350 0.013 0.005 0.026
4794 0.015 0.003 0.350 0.013 0.005 0.030
4804 0.015 0.003 0.350 0.012 0.006 0.033
4814 0.015 0.003 0.350 0.012 0.007 0.037
4823 0.015 0.003 0.350 0.012 0.007 0.042
4833 0.015 0.003 0.350 0.011 0.006 0.046
4843 0.015 0.003 0.350 0.011 0.006 0.051
4853 0.015 0.003 0.350 0.012 0.008 0.056
4863 0.015 0.003 0.350 0.011 0.008 0.061
4873 0.015 0.003 0.350 0.010 0.008 0.066
4883 0.015 0.003 0.350 0.010 0.008 0.072
4893 0.015 0.003 0.350 0.009 0.008 0.077
4903 0.015 0.003 0.350 0.009 0.009 0.082
4913 0.015 0.003 0.350 0.009 0.009 0.087
4923 0.015 0.003 0.350 0.008 0.010 0.093
4932 0.015 0.003 0.350 0.008 0.010 0.098
4941 0.015 0.003 0.350 0.007 0.010 0.104
4950 0.015 0.003 0.350 0.007 0.010 0.109
4959 0.015 0.003 0.350 0.006 0.010 0.114
4968 0.015 0.003 0.350 0.006 0.010 0.120
4978 0.015 0.003 0.350 0.006 0.010 0.125
4989 0.015 0.003 0.350 0.006 0.010 0.130
4999 0.015 0.003 0.350 0.005 0.011 0.135
5008 0.015 0.003 0.350 0.004 0.011 0.140
5018 0.015 0.003 0.350 0.004 0.011 0.145
5028 0.015 0.003 0.350 0.004 0.011 0.150
5038 0.015 0.003 0.350 0.004 0.011 0.155
5048 0.015 0.003 0.350 0.004 0.012 0.159
5057 0.015 0.003 0.350 0.003 0.012 0.163
5067 0.015 0.003 0.350 0.002 0.013 0.168
5076 0.015 0.003 0.350 0.002 0.013 0.171
5085 0.015 0.003 0.350 0.002 0.012 0.176
5095 0.015 0.003 0.350 0.002 0.014 0.180
5104 0.015 0.003 0.350 0.002 0.014 0.180
5113 0.015 0.003 0.350 0.001 0.014 0.183
5123 0.015 0.003 0.350 0.001 0.015 0.187
5132 0.015 0.003 0.350 0.001 0.015 0.191
5141 0.015 0.003 0.350 0.001 0.015 0.194
5151 0.015 0.003 0.350 0.001 0.015 0.198
5161 0.015 0.003 0.350 0.000 0.016 0.201
5170 0.015 0.003 0.350 -0.000 0.017 0.204
5179 0.015 0.003 0.350 -0.000 0.016 0.207
5188 0.015 0.003 0.350 -0.000 0.017 0.210
5197 0.015 0.003 0.350 -0.001 0.017 0.213
5206 0.015 0.003 0.350 -0.001 0.017 0.213
5216 0.015 0.003 0.350 -0.001 0.018 0.218
5226 0.015 0.003 0.350 -0.001 0.018 0.220
5235 0.015 0.003 0.350 -0.001 0.018 0.220
5244 0.015 0.003 0.350 -0.001 0.018 0.223
5253 0.015 0.003 0.350 -0.001 0.020 0.225
5263 0.015 0.003 0.350 -0.001 0.020 0.225
5272 0.015 0.003 0.350 -0.001 0.019 0.229
5281 0.015 0.003 0.350 -0.001 0.020 0.231
5291 0.015 0.003 0.350 -0.001 0.020 0.231
5301 0.015 0.003 0.350 -0.001 0.020 0.235
5310 0.015 0.003 0.350 -0.001 0.019 0.238
5319 0.015 0.003 0.350 -0.002 0.020 0.239
5328 0.015 0.003 0.350 -0.000 0.019 0.241
5338 0.015 0.003 0.350 -0.001 0.021 0.243
5347 0.015 0.003 0.350 0.000 0.021 0.244
5356 0.015 0.003 0.350 -0.001 0.021 0.246
5366 0.015 0.003 0.350 -0.001 0.021 0.246
5375 0.015 0.003 0.350 -0.000 0.022 0.248
5384 0.015 0.003 0.350 0.000 0.021 0.250
5393 0.015 0.003 0.350 0.000 0.022 0.251
5403 0.015 0.003 0.350 0.001 0.021 0.253
5413 0.015 0.003 0.350 0.001 0.022 0.254
5423 0.015 0.003 0.350 0.001 0.022 0.256
5433 0.015 0.003 0.350 0.001 0.023 0.257
5443 0.015 0.003 0.350 0.002 0.021 0.259
5453 0.015 0.003 0.350 0.002 0.023 0.259
5463 0.015 0.003 0.350 0.002 0.024 0.261
5473 0.015 0.003 0.350 0.003 0.023 0.262
5483 0.015 0.003 0.350 0.003 0.023 0.264
5493 0.015 0.003 0.350 0.003 0.023 0.265
5503 0.015 0.003 0.350 0.003 0.024 0.266
5513 0.015 0.003 0.350 0.004 0.023 0.268
5523 0.015 0.003 0.350 0.004 0.024 0.269
5533 0.015 0.003 0.350 0.004 0.024 0.270
5543 0.015 0.003 0.350 0.005 0.023 0.272
5553 0.015 0.003 0.350 0.004 0.024 0.273
5563 0.015 0.003 0.350 0.005 0.024 0.274
5573 0.015 0.003 0.350 0.005 0.023 0.275
5582 0.015 0.003 0.350 0.006 0.024 0.276
5592 0.015 0.003 0.350 0.006 0.022 0.278
5601 0.015 0.003 0.350 0.006 0.023 0.279
5610 0.015 0.003 0.350 0.006 0.021 0.281
5620 0.015 0.003 0.350 0.007 0.023 0.282
5630 0.015 0.003 0.350 0.007 0.022 0.283
5640 0.015 0.003 0.350 0.008 0.021 0.285
5650 0.015 0.003 0.350 0.008 0.022 0.286
5659 0.015 0.003 0.350 0.009 0.022 0.287
5669 0.015 0.003 0.350 0.008 0.022 0.288
5678 0.015 0.003 0.350 0.009 0.022 0.289
5688 0.015 0.003 0.350 0.009 0.021 0.290
5697 0.015 0.003 0.350 0.009 0.021 0.291
5706 0.015 0.003 0.350 0.009 0.021 0.291
5716 0.015 0.003 0.350 0.009 0.021 0.293
5725 0.015 0.003 0.350 0.010 0.021 0.295
5735 0.015 0.003 0.350 0.010 0.021 0.296
5745 0.015 0.003 0.350 0.010 0.021 0.297
5754 0.015 0.003 0.350 0.010 0.021 0.297
5763 0.015 0.003 0.350 0.010 0.020 0.298
5773 0.015 0.003 0.350 0.011 0.021 0.299
5783 0.015 0.003 0.350 0.011 0.020 0.300
5793 0.015 0.003 0.350 0.011 0.019 0.301
5803 0.015 0.003 0.350 0.011 0.019 0.302
5813 0.015 0.003 0.350 0.012 0.019 0.303
5823 0.015 0.003 0.350 0.012 0.018 0.304
5833 0.015 0.003 0.350 0.012 0.017 0.305
5843 0.015 0.003 0.350 0.012 0.016 0.306
5852 0.015 0.003 0.350 0.012 0.019 0.306
5862 0.015 0.003 0.350 0.012 0.017 0.308
5872 0.015 0.003 0.350 0.012 0.018 0.308
5881 0.015 0.003 0.350 0.012 0.016 0.309
5890 0.015 0.003 0.350 0.013 0.016 0.310
5900 0.015 0.003 0.350 0.012 0.017 0.311
5910 0.015 0.003 0.350 0.012 0.016 0.312
5919 0.015 0.003 0.350 0.013 0.016 0.313
5928 0.015 0.003 0.350 0.012 0.017 0.313
5937 0.015 0.003 0.350 0.012 0.017 0.314
5946 0.015 0.003 0.350 0.013 0.017 0.315
5956 0.015 0.003 0.350 0.012 0.017 0.316
5966 0.015 0.003 0.350 0.012 0.017 0.316
5975 0.015 0.003 0.350 0.012 0.017 0.316
5984 0.015 0.003 0.350 0.013 0.016 0.317
5993 0.015 0.003 0.350 0.012 0.016 0.318
6003 0.015 0.003 0.350 0.013 0.016 0.319
6012 0.015 0.003 0.350 0.013 0.015 0.320
6021 0.015 0.003 0.350 0.013 0.015 0.320
6031 0.015 0.003 0.350 0.012 0.016 0.321
6041 0.015 0.003 0.350 0.012 0.015 0.322
6051 0.015 0.003 0.350 0.013 0.014 0.323
6060 0.015 0.003 0.350 0.012 0.015 0.323
6069 0.015 0.003 0.350 0.011 0.015 0.324
6079 0.015 0.003 0.350 0.012 0.014 0.325
6089 0.015 0.003 0.350 0.013 0.016 0.326
6098 0.015 0.003 0.350 0.012 0.015 0.326
6108 0.015 0.003 0.350 0.012 0.015 0.327
6117 0.015 0.003 0.350 0.012 0.016 0.328
6127 0.015 0.003 0.350 0.012 0.015 0.328
6136 0.015 0.003 0.350 0.012 0.015 0.328
6146 0.015 0.003 0.350 0.012 0.015 0.330
6156 0.015 0.003 0.350 0.012 0.015 0.330
6166 0.015 0.003 0.350 0.011 0.014 0.331
6176 0.015 0.003 0.350 0.011 0.015 0.332
6186 0.015 0.003 0.350 0.011 0.016 0.333
6195 0.015 0.003 0.350 0.011 0.016 0.333
6205 0.015 0.003 0.350 0.012 0.016 0.333
6215 0.015 0.003 0.350 0.012 0.015 0.334
6225 0.015 0.003 0.350 0.011 0.016 0.334
6235 0.015 0.003 0.350 0.011 0.016 0.334
6249 0.015 0.003 0.350 0.011 0.015 0.336
6258 0.015 0.003 0.350 0.011 0.016 0.337
6269 0.015 0.003 0.350 0.011 0.016 0.337
6278 0.015 0.003 0.350 0.011 0.016 0.338
6288 0.015 0.003 0.350 0.011 0.016 0.339
6298 0.015 0.003 0.350 0.011 0.016 0.339
6308 1.011 0.016 0.339 0.011 0.016 0.339
6317 1.011 0.016 0.339 0.011 0.016 0.339
6327 1.011 0.016 0.339 0.010 0.016 0.340
6337 1.011 0.016 0.339 0.010 0.016 0.341
6346 1.011 0.016 0.339 0.010 0.017 0.342
6355 1.011 0.016 0.339 0.010 0.017 0.342
6364 1.011 0.016 0.339 0.010 0.017 0.343
6374 1.011 0.016 0.339 0.010 0.017 0.343
6384 1.011 0.016 0.339 0.010 0.016 0.344
6394 1.011 0.016 0.339 0.011 0.016 0.345
6412 1.011 0.016 0.339 0.010 0.015 0.346
6422 1.011 0.016 0.339 0.010 0.015 0.346
6432 1.011 0.016 0.339 0.010 0.016 0.347
6442 1.011 0.016 0.339 0.010 0.015 0.348
6452 1.011 0.016 0.339 0.010 0.016 0.348
6462 1.011 0.016 0.339 0.010 0.016 0.349
6471 1.011 0.016 0.339 0.010 0.018 0.349
6481 1.011 0.016 0.339 0.009 0.017 0.349
6490 1.011 0.016 0.339 0.010 0.017 0.350
6499 1.011 0.016 0.339 0.010 0.017 0.350
6509 1.011 0.016 0.339 0.010 0.018 0.351
6518 1.011 0.016 0.339 0.010 0.018 0.351
6527 1.011 0.016 0.339 0.009 0.017 0.352
6538 1.011 0.016 0.339 0.009 0.016 0.353
6548 1.011 0.016 0.339 0.010 0.016 0.354
6558 1.011 0.016 0.339 0.009 0.016 0.354
6567 1.011 0.016 0.339 0.009 0.016 0.354
6576 1.011 0.016 0.339 0.009 0.017 0.355
6586 1.011 0.016 0.339 0.010 0.017 0.355
6596 1.011 0.016 0.339 0.009 0.016 0.356
6606 1.011 0.016 0.339 0.009 0.016 0.356
6616 1.011 0.016 0.339 0.009 0.016 0.356
6626 1.011 0.016 0.339 0.011 0.016 0.357
6635 1.011 0.016 0.339 0.011 0.016 0.357
6645 1.011 0.016 0.339 0.011 0.016 0.357
6655 1.011 0.016 0.339 0.013 0.015 0.357
6664 1.011 0.016 0.339 0.013 0.015 0.357
6674 1.011 0.016 0.339 0.014 0.016 0.358
6684 1.011 0.016 0.339 0.016 0.016 0.358
6694 1.011 0.016 0.339 0.018 0.016 0.358
6704 1.011 0.016 0.339 0.019 0.017 0.358
6714 1.011 0.016 0.339 0.023 0.017 0.357
6724 1.011 0.016 0.339 0.027 0.014 0.357
6734 1.011 0.016 0.339 0.030 0.015 0.357
6744 1.011 0.016 0.339 0.033 0.015 0.357
6753 1.011 0.016 0.339 0.036 0.015 0.357
6763 1.011 0.016 0.339 0.042 0.012 0.356
6772 1.011 0.016 0.339 0.045 0.016 0.355
6781 1.011 0.016 0.339 0.049 0.016 0.355
6790 1.011 0.016 0.339 0.054 0.016 0.355
6800 1.011 0.016 0.339 0.059 0.015 0.354
6809 1.011 0.016 0.339 0.066 0.014 0.354
6818 1.011 0.016 0.339 0.071 0.014 0.353
6828 1.011 0.016 0.339 0.077 0.015 0.352
6837 1.011 0.016 0.339 0.085 0.013 0.352
6847 1.011 0.016 0.339 0.092 0.013 0.351
6856 1.011 0.016 0.339 0.099 0.013 0.350
6866 1.011 0.016 0.339 0.106 0.013 0.350
6876 1.011 0.016 0.339 0.114 0.013 0.349
6886 1.011 0.016 0.339 0.121 0.013 0.349
6895 1.011 0.016 0.339 0.121 0.013 0.349
6904 1.011 0.016 0.339 0.130 0.012 0.348
6913 1.011 0.016 0.339 0.138 0.013 0.347
6922 1.011 0.016 0.339 0.146 0.012 0.347
6932 1.011 0.016 0.339 0.155 0.011 0.347
6941 1.011 0.016 0.339 0.163 0.012 0.346
6951 1.011 0.016 0.339 0.173 0.012 0.346
6960 1.011 0.016 0.339 0.182 0.011 0.345
6970 1.011 0.016 0.339 0.191 0.011 0.345
6980 1.011 0.016 0.339 0.201 0.011 0.345
6990 1.011 0.016 0.339 0.210 0.011 0.345
6999 1.011 0.016 0.339 0.220 0.010 0.344
7008 1.011 0.016 0.339 0.230 0.010 0.345
7017 1.011 0.016 0.339 0.240 0.010 0.344
7027 1.011 0.016 0.339 0.250 0.010 0.344
7037 1.011 0.016 0.339 0.260 0.009 0.345
7046 1.011 0.016 0.339 0.270 0.009 0.345
7055 1.011 0.016 0.339 0.280 0.009 0.345
7064 1.011 0.016 0.339 0.280 0.009 0.345
7074 1.011 0.016 0.339 0.291 0.008 0.345
7083 1.011 0.016 0.339 0.301 0.008 0.345
7093 1.011 0.016 0.339 0.312 0.008 0.346
7103 1.011 0.016 0.339 0.322 0.008 0.346
7113 1.011 0.016 0.339 0.332 0.008 0.347
7123 1.011 0.016 0.339 0.343 0.007 0.347
7132 1.011 0.016 0.339 0.353 0.007 0.348
7141 1.011 0.016 0.339 0.363 0.007 0.348
7150 1.011 0.016 0.339 0.373 0.007 0.349
7159 1.011 0.016 0.339 0.384 0.007 0.349
7168 1.011 0.016 0.339 0.394 0.006 0.350
7178 1.011 0.016 0.339 0.404 0.006 0.351
7187 1.011 0.016 0.339 0.414 0.007 0.351
7197 1.011 0.016 0.339 0.425 0.006 0.352
7207 1.011 0.016 0.339 0.434 0.006 0.353
7216 1.011 0.016 0.339 0.444 0.006 0.354
7226 1.011 0.016 0.339 0.454 0.005 0.354
7236 1.011 0.016 0.339 0.464 0.005 0.355
7245 1.011 0.016 0.339 0.464 0.005 0.355
7254 1.011 0.016 0.339 0.474 0.005 0.355
7263 1.011 0.016 0.339 0.484 0.005 0.356
7273 1.011 0.016 0.339 0.493 0.005 0.357
7283 1.011 0.016 0.339 0.503 0.004 0.358
7292 1.011 0.016 0.339 0.512 0.005 0.358
7301 1.011 0.016 0.339 0.522 0.004 0.359
7310 1.011 0.016 0.339 0.532 0.004 0.359
7319 1.011 0.016 0.339 0.541 0.004 0.360
7329 1.011 0.016 0.339 0.550 0.004 0.361
7338 1.011 0.016 0.339 0.550 0.004 0.361
7347 1.011 0.016 0.339 0.569 0.004 0.362
7357 1.011 0.016 0.339 0.569 0.004 0.362
7366 1.011 0.016 0.339 0.588 0.003 0.363
7375 1.011 0.016 0.339 0.588 0.003 0.363
7385 1.011 0.016 0.339 0.597 0.004 0.364
7395 1.011 0.016 0.339 0.605 0.004 0.364
7404 1.011 0.016 0.339 0.614 0.004 0.364
7413 1.011 0.016 0.339 0.624 0.004 0.365
7423 1.011 0.016 0.339 0.632 0.005 0.365
7433 1.011 0.016 0.339 0.641 0.004 0.365
7443 1.011 0.016 0.339 0.650 0.004 0.366
7452 1.011 0.016 0.339 0.659 0.005 0.366
7461 1.011 0.016 0.339 0.667 0.005 0.367
7471 1.011 0.016 0.339 0.675 0.005 0.367
7481 1.011 0.016 0.339 0.684 0.004 0.367
7490 1.011 0.016 0.339 0.684 0.004 0.367
7499 1.011 0.016 0.339 0.700 0.006 0.368
7508 1.011 0.016 0.339 0.708 0.006 0.368
7517 1.011 0.016 0.339 0.716 0.006 0.369
7527 1.011 0.016 0.339 0.724 0.007 0.369
7536 1.011 0.016 0.339 0.732 0.006 0.369
7545 1.011 0.016 0.339 0.732 0.006 0.369
7554 1.011 0.016 0.339 0.739 0.008 0.369
7563 1.011 0.016 0.339 0.747 0.008 0.369
7572 1.011 0.016 0.339 0.747 0.008 0.369
7581 1.011 0.016 0.339 0.747 0.008 0.369
7590 1.011 0.016 0.339 0.768 0.010 0.370
7600 1.011 0.016 0.339 0.775 0.010 0.370
7609 1.011 0.016 0.339 0.782 0.011 0.370
7619 1.011 0.016 0.339 0.789 0.011 0.370
7629 1.011 0.016 0.339 0.796 0.012 0.371
7638 1.011 0.016 0.339 0.802 0.012 0.371
7648 1.011 0.016 0.339 0.808 0.013 0.371
7657 1.011 0.016 0.339 0.814 0.014 0.371
7666 1.011 0.016 0.339 0.821 0.014 0.371
7675 1.011 0.016 0.339 0.821 0.014 0.371
7685 1.011 0.016 0.339 0.833 0.015 0.371
7694 1.011 0.016 0.339 0.833 0.015 0.371
7704 1.011 0.016 0.339 0.839 0.016 0.371
7713 1.011 0.016 0.339 0.844 0.017 0.371
7723 1.011 0.016 0.339 0.849 0.018 0.372
7733 1.011 0.016 0.339 0.855 0.016 0.371
7743 1.011 0.016 0.339 0.860 0.019 0.372
7753 1.011 0.016 0.339 0.865 0.018 0.372
7762 1.011 0.016 0.339 0.871 0.019 0.372
7772 1.011 0.016 0.339 0.876 0.020 0.372
7782 1.011 0.016 0.339 0.881 0.020 0.372
7791 1.011 0.016 0.339 0.886 0.021 0.372
7800 1.011 0.016 0.339 0.890 0.022 0.373
7809 1.011 0.016 0.339 0.895 0.022 0.372
7819 1.011 0.016 0.339 0.899 0.024 0.372
7829 1.011 0.016 0.339 0.903 0.025 0.372
7838 1.011 0.016 0.339 0.908 0.025 0.373
7848 1.011 0.016 0.339 0.912 0.026 0.373
7857 1.011 0.016 0.339 0.916 0.027 0.374
7867 1.011 0.016 0.339 0.920 0.027 0.374
7877 1.011 0.016 0.339 0.924 0.028 0.374
7887 1.011 0.016 0.339 0.928 0.029 0.374
7896 1.011 0.016 0.339 0.931 0.029 0.374
7905 1.011 0.016 0.339 0.935 0.030 0.374
7915 1.011 0.016 0.339 0.939 0.031 0.375
7925 1.011 0.016 0.339 0.942 0.031 0.375
7935 1.011 0.016 0.339 0.942 0.031 0.375
7945 1.011 0.016 0.339 0.946 0.031 0.375
7955 1.011 0.016 0.339 0.949 0.032 0.375
7964 1.011 0.016 0.339 0.953 0.032 0.375
7973 1.011 0.016 0.339 0.956 0.033 0.376
7983 1.011 0.016 0.339 0.959 0.034 0.376
7993 1.011 0.016 0.339 0.962 0.034 0.376
8003 1.011 0.016 0.339 0.964 0.033 0.375
8013 1.011 0.016 0.339 0.968 0.035 0.376
8022 1.011 0.016 0.339 0.970 0.034 0.376
8031 1.011 0.016 0.339 0.973 0.035 0.376
8040 1.011 0.016 0.339 0.976 0.035 0.376
8050 1.011 0.016 0.339 0.979 0.036 0.376
8059 1.011 0.016 0.339 0.981 0.037 0.377
8068 1.011 0.016 0.339 0.984 0.037 0.377
8078 1.011 0.016 0.339 0.987 0.038 0.378
8088 1.011 0.016 0.339 0.989 0.039 0.378
8097 1.011 0.016 0.339 0.992 0.038 0.378
8106 1.011 0.016 0.339 0.994 0.038 0.378
8116 1.011 0.016 0.339 0.997 0.039 0.378
8126 1.011 0.016 0.339 0.999 0.038 0.378
8136 1.011 0.016 0.339 1.001 0.040 0.378
8146 1.011 0.016 0.339 1.003 0.039 0.378
8155 1.011 0.016 0.339 1.003 0.039 0.378
8164 1.011 0.016 0.339 1.005 0.039 0.378
8174 1.011 0.016 0.339 1.007 0.040 0.379
8184 1.011 0.016 0.339 1.010 0.039 0.379
8193 1.011 0.016 0.339 1.012 0.039 0.379
8203 1.011 0.016 0.339 1.014 0.039 0.379
8213 1.011 0.016 0.339 1.016 0.039 0.379
8223 1.011 0.016 0.339 1.018 0.040 0.379
8233 1.011 0.016 0.339 1.020 0.039 0.380
8243 1.011 0.016 0.339 1.022 0.040 0.381
8253 1.011 0.016 0.339 1.024 0.039 0.380
8262 1.011 0.016 0.339 1.026 0.039 0.381
8272 1.011 0.016 0.339 1.028 0.040 0.380
8281 1.011 0.016 0.339 1.030 0.039 0.381
8291 1.011 0.016 0.339 1.031 0.039 0.381
8300 1.011 0.016 0.339 1.033 0.040 0.381
8309 1.011 0.016 0.339 1.035 0.039 0.381
8319 1.011 0.016 0.339 1.037 0.038 0.381
8329 1.011 0.016 0.339 1.039 0.038 0.382
8338 1.011 0.016 0.339 1.040 0.039 0.382
8348 1.011 0.016 0.339 1.042 0.038 0.382
8358 1.011 0.016 0.339 1.044 0.037 0.382
8367 1.011 0.016 0.339 1.045 0.036 0.383
8376 1.011 0.016 0.339 1.047 0.036 0.383
8386 1.011 0.016 0.339 1.048 0.036 0.383
8396 1.011 0.016 0.339 1.050 0.035 0.383
8405 1.011 0.016 0.339 1.050 0.035 0.383
8415 1.011 0.016 0.339 1.053 0.035 0.383
8425 1.011 0.016 0.339 1.053 0.035 0.383
8434 1.011 0.016 0.339 1.054 0.035 0.383
8443 1.011 0.016 0.339 1.056 0.034 0.383
8453 1.011 0.016 0.339 1.057 0.034 0.383
8462 1.011 0.016 0.339 1.059 0.034 0.384
8471 1.011 0.016 0.339 1.060 0.033 0.384
8480 1.011 0.016 0.339 1.062 0.033 0.384
8490 1.011 0.016 0.339 1.063 0.032 0.384
8499 1.011 0.016 0.339 1.065 0.031 0.384
8508 1.011 0.016 0.339 1.066 0.032 0.384
8517 1.011 0.016 0.339 1.067 0.032 0.384
8527 1.011 0.016 0.339 1.068 0.031 0.384
8537 1.011 0.016 0.339 1.070 0.031 0.384
8547 1.011 0.016 0.339 1.071 0.030 0.384
8557 1.011 0.016 0.339 1.072 0.029 0.384
8566 1.011 0.016 0.339 1.073 0.030 0.384
8575 1.011 0.016 0.339 1.074 0.030 0.384
8585 1.011 0.016 0.339 1.074 0.030 0.384
8595 1.011 0.016 0.339 1.076 0.028 0.384
8605 1.011 0.016 0.339 1.076 0.028 0.384
8614 1.011 0.016 0.339 1.077 0.029 0.384
8624 1.011 0.016 0.339 1.079 0.028 0.385
8634 1.011 0.016 0.339 1.079 0.028 0.385
8644 1.011 0.016 0.339 1.081 0.027 0.385
8654 1.011 0.016 0.339 1.081 0.027 0.385
8664 1.011 0.016 0.339 1.082 0.026 0.385
8674 1.011 0.016 0.339 1.083 0.026 0.385
8684 1.011 0.016 0.339 1.083 0.026 0.384
8694 1.011 0.016 0.339 1.084 0.026 0.385
8704 1.011 0.016 0.339 1.085 0.026 0.385
8714 1.011 0.016 0.339 1.086 0.025 0.385
8724 1.011 0.016 0.339 1.086 0.025 0.385
8734 1.011 0.016 0.339 1.087 0.024 0.385
8743 1.011 0.016 0.339 1.087 0.024 0.385
8753 1.011 0.016 0.339 1.088 0.024 0.385
8763 1.011 0.016 0.339 1.089 0.024 0.385
8773 1.011 0.016 0.339 1.089 0.023 0.385
8782 1.011 0.016 0.339 1.090 0.023 0.385
8792 1.011 0.016 0.339 1.090 0.023 0.384
8802 1.011 0.016 0.339 1.091 0.023 0.385
8811 1.011 0.016 0.339 1.091 0.023 0.385
8821 1.011 0.016 0.339 1.091 0.024 0.384
8830 1.011 0.016 0.339 1.092 0.023 0.384
8839 1.011 0.016 0.339 1.092 0.023 0.385
8848 1.011 0.016 0.339 1.092 0.023 0.384
8858 1.011 0.016 0.339 1.092 0.022 0.384
8868 1.011 0.016 0.339 1.092 0.022 0.385
8878 1.011 0.016 0.339 1.092 0.022 0.384
8888 1.011 0.016 0.339 1.092 0.023 0.384
8897 1.011 0.016 0.339 1.092 0.023 0.384
8907 1.011 0.016 0.339 1.092 0.022 0.384
8916 1.011 0.016 0.339 1.093 0.021 0.384
8926 1.011 0.016 0.339 1.093 0.021 0.384
8936 1.011 0.016 0.339 1.092 0.021 0.384
8945 1.011 0.016 0.339 1.092 0.021 0.384
8954 1.011 0.016 0.339 1.092 0.021 0.384
8963 1.011 0.016 0.339 1.092 0.021 0.384
8973 1.011 0.016 0.339 1.092 0.021 0.384
8983 1.011 0.016 0.339 1.092 0.021 0.384
8993 1.011 0.016 0.339 1.091 0.021 0.384
9003 1.011 0.016 0.339 1.091 0.020 0.383
9012 1.011 0.016 0.339 1.091 0.020 0.383
9021 1.011 0.016 0.339 1.091 0.020 0.383
9030 1.011 0.016 0.339 1.091 0.020 0.383
9040 1.011 0.016 0.339 1.091 0.020 0.383
9050 1.011 0.016 0.339 1.091 0.019 0.383
9060 1.011 0.016 0.339 1.090 0.019 0.383
9069 1.011 0.016 0.339 1.089 0.019 0.383
9078 1.011 0.016 0.339 1.089 0.019 0.382
9087 1.011 0.016 0.339 1.089 0.019 0.382
9097 1.011 0.016 0.339 1.089 0.017 0.382
9106 1.011 0.016 0.339 1.088 0.018 0.382
9116 1.011 0.016 0.339 1.088 0.018 0.382
9125 1.011 0.016 0.339 1.087 0.018 0.382
9134 1.011 0.016 0.339 1.087 0.018 0.382
9144 1.011 0.016 0.339 1.087 0.017 0.382
9153 1.011 0.016 0.339 1.086 0.017 0.382
9163 1.011 0.016 0.339 1.086 0.017 0.381
9173 1.011 0.016 0.339 1.086 0.017 0.381
9183 1.011 0.016 0.339 1.085 0.016 0.381
9193 1.011 0.016 0.339 1.085 0.016 0.381
9203 1.011 0.016 0.339 1.084 0.016 0.381
9213 1.011 0.016 0.339 1.084 0.015 0.381
9222 1.011 0.016 0.339 1.083 0.015 0.380
9232 1.011 0.016 0.339 1.083 0.014 0.380
9241 1.011 0.016 0.339 1.082 0.015 0.381
9250 1.011 0.016 0.339 1.082 0.016 0.381
9260 1.011 0.016 0.339 1.081 0.016 0.381
9270 1.011 0.016 0.339 1.081 0.014 0.380
9279 1.011 0.016 0.339 1.081 0.014 0.380
9288 1.011 0.016 0.339 1.079 0.013 0.379
9297 1.011 0.016 0.339 1.079 0.013 0.379
9307 1.011 0.016 0.339 1.078 0.013 0.379
9316 1.011 0.016 0.339 1.078 0.013 0.379
9326 1.011 0.016 0.339 1.077 0.012 0.379
9335 1.011 0.016 0.339 1.077 0.012 0.379
9344 1.011 0.016 0.339 1.077 0.012 0.378
9353 1.011 0.016 0.339 1.077 0.012 0.378
9362 1.011 0.016 0.339 1.076 0.011 0.378
9371 1.011 0.016 0.339 1.075 0.011 0.378
9380 1.011 0.016 0.339 1.074 0.011 0.378
9389 1.011 0.016 0.339 1.073 0.010 0.378
9399 1.011 0.016 0.339 1.073 0.010 0.377
9408 1.011 0.016 0.339 1.072 0.010 0.377
9417 1.011 0.016 0.339 1.072 0.010 0.377
9427 1.011 0.016 0.339 1.071 0.010 0.377
9437 1.011 0.016 0.339 1.070 0.009 0.377
9447 1.011 0.016 0.339 1.070 0.009 0.377
9457 1.011 0.016 0.339 1.069 0.009 0.376
9466 1.011 0.016 0.339 1.068 0.009 0.376
9476 1.011 0.016 0.339 1.068 0.008 0.376
9485 1.011 0.016 0.339 1.068 0.008 0.376
9494 1.011 0.016 0.339 1.067 0.008 0.376
9503 1.011 0.016 0.339 1.067 0.008 0.376
9513 1.011 0.016 0.339 1.066 0.008 0.376
9523 1.011 0.016 0.339 1.065 0.008 0.376
9533 1.011 0.016 0.339 1.065 0.008 0.375
9543 1.011 0.016 0.339 1.064 0.007 0.375
9553 1.011 0.016 0.339 1.063 0.007 0.375
9563 1.011 0.016 0.339 1.063 0.006 0.375
9573 1.011 0.016 0.339 1.062 0.006 0.375
9583 1.011 0.016 0.339 1.062 0.006 0.375
9593 1.011 0.016 0.339 1.061 0.006 0.375
9603 1.011 0.016 0.339 1.061 0.005 0.375
9613 1.011 0.016 0.339 1.060 0.006 0.375
9623 1.011 0.016 0.339 1.059 0.006 0.375
9633 1.011 0.016 0.339 1.058 0.006 0.375
9643 1.011 0.016 0.339 1.058 0.005 0.374
9653 1.011 0.016 0.339 1.057 0.004 0.374
9663 1.011 0.016 0.339 1.057 0.004 0.374
9673 1.056 0.004 0.874 1.056 0.004 0.374
9682 1.056 0.004 0.874 1.055 0.003 0.374
9691 1.056 0.004 0.874 1.055 0.004 0.374
9701 1.056 0.004 0.874 1.054 0.003 0.374
9710 1.056 0.004 0.874 1.054 0.003 0.374
9720 1.056 0.004 0.874 1.053 0.002 0.373
9730 1.056 0.004 0.874 1.052 0.002 0.373
9739 1.056 0.004 0.874 1.052 0.003 0.373
9749 1.056 0.004 0.874 1.051 0.002 0.373
9759 1.056 0.004 0.874 1.051 0.002 0.373
9768 1.056 0.004 0.874 1.050 0.002 0.373
9777 1.056 0.004 0.874 1.050 0.002 0.373
9787 1.056 0.004 0.874 1.049 0.002 0.373
9797 1.056 0.004 0.874 1.049 0.002 0.373
9806 1.056 0.004 0.874 1.048 0.001 0.374
9816 1.056 0.004 0.874 1.048 0.002 0.375
9825 1.056 0.004 0.874 1.048 0.002 0.375
9835 1.056 0.004 0.874 1.047 0.001 0.376
9844 1.056 0.004 0.874 1.046 0.001 0.377
9853 1.056 0.004 0.874 1.046 0.001 0.378
9863 1.056 0.004 0.874 1.045 0.001 0.380
9872 1.056 0.004 0.874 1.045 0.001 0.382
9881 1.056 0.004 0.874 1.044 0.001 0.384
9890 1.056 0.004 0.874 1.044 -0.000 0.387
9900 1.056 0.004 0.874 1.043 0.001 0.389
9910 1.056 0.004 0.874 1.043 0.000 0.392
9920 1.056 0.004 0.874 1.043 0.000 0.396
9930 1.056 0.004 0.874 1.043 -0.001 0.400
9939 1.056 0.004 0.874 1.042 0.000 0.404
9949 1.056 0.004 0.874 1.042 0.000 0.408
9959 1.056 0.004 0.874 1.042 0.000 0.412
9969 1.056 0.004 0.874 1.041 0.000 0.417
9978 1.056 0.004 0.874 1.041 0.000 0.422
9988 1.056 0.004 0.874 1.041 -0.001 0.428
9997 1.056 0.004 0.874 1.041 0.000 0.434
10006 1.056 0.004 0.874 1.041 0.001 0.440
10015 1.056 0.004 0.874 1.041 0.001 0.446
10025 1.056 0.004 0.874 1.041 0.001 0.452
10035 1.056 0.004 0.874 1.042 0.001 0.458
10044 1.056 0.004 0.874 1.042 0.001 0.458
10053 1.056 0.004 0.874 1.041 0.000 0.464
10063 1.056 0.004 0.874 1.041 0.001 0.471
10073 1.056 0.004 0.874 1.042 -0.000 0.478
10083 1.056 0.004 0.874 1.042 0.000 0.485
10093 1.056 0.004 0.874 1.042 0.001 0.493
10102 1.056 0.004 0.874 1.043 -0.000 0.501
10111 1.056 0.004 0.874 1.043 -0.001 0.508
10120 1.056 0.004 0.874 1.043 -0.000 0.516
10129 1.056 0.004 0.874 1.045 -0.003 0.524
10139 1.056 0.004 0.874 1.045 -0.002 0.532
10149 1.056 0.004 0.874 1.046 -0.002 0.541
10159 1.056 0.004 0.874 1.046 -0.003 0.549
10168 1.056 0.004 0.874 1.048 -0.004 0.558
10178 1.056 0.004 0.874 1.048 -0.003 0.566
10187 1.056 0.004 0.874 1.049 -0.005 0.575
10196 1.056 0.004 0.874 1.050 -0.005 0.583
10205 1.056 0.004 0.874 1.050 -0.005 0.583
10215 1.056 0.004 0.874 1.052 -0.007 0.601
10225 1.056 0.004 0.874 1.054 -0.008 0.610
10234 1.056 0.004 0.874 1.054 -0.008 0.610
10244 1.056 0.004 0.874 1.055 -0.009 0.619
10254 1.056 0.004 0.874 1.056 -0.010 0.628
10263 1.056 0.004 0.874 1.057 -0.011 0.637
10272 1.056 0.004 0.874 1.058 -0.012 0.646
10282 1.056 0.004 0.874 1.059 -0.012 0.655
10292 1.056 0.004 0.874 1.061 -0.014 0.664
10301 1.056 0.004 0.874 1.062 -0.014 0.673
10310 1.056 0.004 0.874 1.063 -0.015 0.682
10319 1.056 0.004 0.874 1.064 -0.016 0.690
10328 1.056 0.004 0.874 1.064 -0.016 0.690
10338 1.056 0.004 0.874 1.066 -0.017 0.708
10347 1.056 0.004 0.874 1.067 -0.019 0.716
10357 1.056 0.004 0.874 1.068 -0.018 0.725
10366 1.056 0.004 0.874 1.069 -0.019 0.733
10375 1.056 0.004 0.874 1.070 -0.020 0.742
10384 1.056 0.004 0.874 1.070 -0.020 0.742
10394 1.056 0.004 0.874 1.070 -0.021 0.749
10404 1.056 0.004 0.874 1.071 -0.022 0.757
10413 1.056 0.004 0.874 1.071 -0.021 0.765
10423 1.056 0.004 0.874 1.073 -0.022 0.773
10433 1.056 0.004 0.874 1.073 -0.023 0.780
10442 1.056 0.004 0.874 1.073 -0.022 0.787
10452 1.056 0.004 0.874 1.073 -0.022 0.794
10462 1.056 0.004 0.874 1.074 -0.023 0.801
10472 1.056 0.004 0.874 1.075 -0.024 0.808
10482 1.056 0.004 0.874 1.075 -0.025 0.814
10492 1.056 0.004 0.874 1.075 -0.025 0.821
10501 1.056 0.004 0.874 1.075 -0.025 0.827
10510 1.056 0.004 0.874 1.075 -0.024 0.832
10520 1.056 0.004 0.874 1.075 -0.024 0.838
10530 1.056 0.004 0.874 1.076 -0.024 0.844
10540 1.056 0.004 0.874 1.075 -0.024 0.849
10550 1.056 0.004 0.874 1.075 -0.024 0.855
10559 1.056 0.004 0.874 1.075 -0.024 0.860
10569 1.056 0.004 0.874 1.075 -0.024 0.865
10578 1.056 0.004 0.874 1.075 -0.024 0.870
10588 1.056 0.004 0.874 1.076 -0.024 0.875
10598 1.056 0.004 0.874 1.076 -0.024 0.879
10607 1.056 0.004 0.874 1.075 -0.024 0.884
10617 1.056 0.004 0.874 1.076 -0.024 0.888
10627 1.056 0.004 0.874 1.075 -0.024 0.892
10637 1.056 0.004 0.874 1.075 -0.024 0.892
10646 1.056 0.004 0.874 1.075 -0.023 0.899
10656 1.056 0.004 0.874 1.075 -0.023 0.899
10666 1.056 0.004 0.874 1.074 -0.023 0.902
10675 1.056 0.004 0.874 1.074 -0.022 0.906
10684 1.056 0.004 0.874 1.074 -0.022 0.909
10693 1.056 0.004 0.874 1.074 -0.022 0.909
10702 1.056 0.004 0.874 1.074 -0.022 0.909
10712 1.056 0.004 0.874 1.074 -0.021 0.918
10721 1.056 0.004 0.874 1.073 -0.020 0.921
10730 1.056 0.004 0.874 1.073 -0.020 0.923
10739 1.056 0.004 0.874 1.073 -0.019 0.926
10754 1.056 0.004 0.874 1.073 -0.019 0.928
10764 1.056 0.004 0.874 1.073 -0.019 0.931
10774 1.056 0.004 0.874 1.073 -0.018 0.933
10783 1.056 0.004 0.874 1.072 -0.017 0.935
10793 1.056 0.004 0.874 1.072 -0.017 0.937
10802 1.056 0.004 0.874 1.072 -0.017 0.939
10812 1.056 0.004 0.874 1.072 -0.016 0.941
10822 1.056 0.004 0.874 1.071 -0.015 0.942
10832 1.056 0.004 0.874 1.072 -0.015 0.944
10841 1.056 0.004 0.874 1.071 -0.014 0.946
10850 1.056 0.004 0.874 1.071 -0.013 0.947
10860 1.056 0.004 0.874 1.072 -0.014 0.949
10870 1.056 0.004 0.874 1.072 -0.013 0.950
10879 1.056 0.004 0.874 1.071 -0.012 0.951
10889 1.056 0.004 0.874 1.071 -0.011 0.952
10899 1.056 0.004 0.874 1.071 -0.011 0.953
10908 1.056 0.004 0.874 1.071 -0.010 0.955
10918 1.056 0.004 0.874 1.071 -0.009 0.956
10928 1.056 0.004 0.874 1.071 -0.009 0.957
10938 1.056 0.004 0.874 1.071 -0.008 0.958
10948 1.056 0.004 0.874 1.071 -0.008 0.959
10958 1.056 0.004 0.874 1.071 -0.007 0.960
10967 1.056 0.004 0.874 1.071 -0.006 0.961
10976 1.056 0.004 0.874 1.071 -0.006 0.961
10985 1.056 0.004 0.874 1.072 -0.005 0.962
10995 1.056 0.004 0.874 1.072 -0.004 0.963
11005 1.056 0.004 0.874 1.072 -0.004 0.963
11014 1.056 0.004 0.874 1.072 -0.004 0.964
11024 1.056 0.004 0.874 1.072 -0.004 0.965
11033 1.056 0.004 0.874 1.072 -0.003 0.965
11043 1.056 0.004 0.874 1.073 -0.002 0.966
11053 1.056 0.004 0.874 1.073 -0.001 0.967
11063 1.056 0.004 0.874 1.073 -0.001 0.967
11073 1.056 0.004 0.874 1.074 -0.000 0.968
11083 1.056 0.004 0.874 1.074 0.000 0.968
11093 1.056 0.004 0.874 1.074 0.001 0.969
11103 1.056 0.004 0.874 1.075 0.001 0.970
11113 1.056 0.004 0.874 1.075 0.002 0.970
11123 1.056 0.004 0.874 1.076 0.002 0.971
11132 1.056 0.004 0.874 1.076 0.003 0.971
11142 1.056 0.004 0.874 1.076 0.003 0.972
11152 1.056 0.004 0.874 1.077 0.004 0.972
11162 1.056 0.004 0.874 1.077 0.004 0.973
11171 1.056 0.004 0.874 1.078 0.005 0.973
11180 1.056 0.004 0.874 1.078 0.005 0.974
11189 1.056 0.004 0.874 1.078 0.006 0.974
11198 1.056 0.004 0.874 1.079 0.006 0.975
11208 1.056 0.004 0.874 1.080 0.007 0.975
11218 1.056 0.004 0.874 1.080 0.006 0.976
11228 1.056 0.004 0.874 1.080 0.006 0.976
11237 1.056 0.004 0.874 1.081 0.006 0.977
11247 1.056 0.004 0.874 1.082 0.008 0.977
11257 1.056 0.004 0.874 1.082 0.008 0.977
11267 1.056 0.004 0.874 1.082 0.008 0.978
11277 1.056 0.004 0.874 1.082 0.007 0.978
11286 1.056 0.004 0.874 1.084 0.008 0.978
11296 1.056 0.004 0.874 1.084 0.008 0.978
11306 1.056 0.004 0.874 1.084 0.009 0.979
11315 1.056 0.004 0.874 1.084 0.009 0.979
11325 1.056 0.004 0.874 1.085 0.009 0.979
11334 1.056 0.004 0.874 1.085 0.009 0.979
11344 1.056 0.004 0.874 1.085 0.009 0.979
11354 1.056 0.004 0.874 1.085 0.009 0.979
11363 1.056 0.004 0.874 1.086 0.010 0.980
11373 1.056 0.004 0.874 1.086 0.010 0.980
11383 1.056 0.004 0.874 1.086 0.009 0.980
11393 1.056 0.004 0.874 1.086 0.010 0.980
11403 1.056 0.004 0.874 1.086 0.009 0.980
11413 1.056 0.004 0.874 1.086 0.010 0.980
11422 1.056 0.004 0.874 1.087 0.011 0.980
11432 1.056 0.004 0.874 1.087 0.011 0.980
11442 1.056 0.004 0.874 1.087 0.011 0.980
11451 1.056 0.004 0.874 1.087 0.011 0.980
11460 1.056 0.004 0.874 1.087 0.011 0.980
11469 1.056 0.004 0.874 1.087 0.011 0.980
11480 1.056 0.004 0.874 1.087 0.010 0.980
11490 1.056 0.004 0.874 1.087 0.010 0.980
11500 1.056 0.004 0.874 1.087 0.010 0.980
11510 1.056 0.004 0.874 1.086 0.010 0.980
11519 1.056 0.004 0.874 1.086 0.010 0.980
11528 1.056 0.004 0.874 1.086 0.011 0.980
11538 1.056 0.004 0.874 1.086 0.011 0.980
11547 1.056 0.004 0.874 1.086 0.010 0.979
11557 1.056 0.004 0.874 1.086 0.011 0.979
11566 1.056 0.004 0.874 1.085 0.011 0.979
11575 1.056 0.004 0.874 1.085 0.011 0.979
11584 1.056 0.004 0.874 1.085 0.012 0.979
11594 1.056 0.004 0.874 1.085 0.011 0.979
11604 1.056 0.004 0.874 1.085 0.012 0.978
11613 1.056 0.004 0.874 1.085 0.012 0.979
11623 1.056 0.004 0.874 1.084 0.012 0.978
11633 1.056 0.004 0.874 1.084 0.012 0.978
11642 1.056 0.004 0.874 1.083 0.011 0.978
11651 1.056 0.004 0.874 1.083 0.011 0.977
11661 1.056 0.004 0.874 1.083 0.011 0.977
11670 1.056 0.004 0.874 1.083 0.013 0.977
11680 1.056 0.004 0.874 1.082 0.013 0.977
11689 1.056 0.004 0.874 1.081 0.012 0.976
11699 1.056 0.004 0.874 1.080 0.013 0.976
11708 1.056 0.004 0.874 1.080 0.013 0.976
11718 1.056 0.004 0.874 1.080 0.013 0.975
11728 1.056 0.004 0.874 1.079 0.012 0.975
11738 1.056 0.004 0.874 1.079 0.012 0.975
11748 1.056 0.004 0.874 1.078 0.013 0.974
11757 1.056 0.004 0.874 1.078 0.013 0.974
11766 1.056 0.004 0.874 1.077 0.013 0.974
11775 1.056 0.004 0.874 1.077 0.013 0.974
11785 1.056 0.004 0.874 1.077 0.013 0.974
11795 1.056 0.004 0.874 1.076 0.013 0.973
11805 1.056 0.004 0.874 1.075 0.013 0.973
11814 1.056 0.004 0.874 1.075 0.014 0.973
11823 1.056 0.004 0.874 1.074 0.013 0.973
11833 1.056 0.004 0.874 1.074 0.014 0.972
11843 1.056 0.004 0.874 1.073 0.014 0.972
11853 1.056 0.004 0.874 1.073 0.014 0.972
11863 1.056 0.004 0.874 1.072 0.014 0.972
11873 1.056 0.004 0.874 1.072 0.014 0.971
11882 1.056 0.004 0.874 1.071 0.014 0.971
11891 1.056 0.004 0.874 1.071 0.014 0.971
11900 1.056 0.004 0.874 1.070 0.014 0.971
11909 1.056 0.004 0.874 1.070 0.014 0.970
11919 1.056 0.004 0.874 1.069 0.015 0.970
11929 1.056 0.004 0.874 1.069 0.015 0.970
11938 1.056 0.004 0.874 1.068 0.015 0.970
11948 1.056 0.004 0.874 1.068 0.015 0.969
11957 1.056 0.004 0.874 1.067 0.015 0.969
11966 1.056 0.004 0.874 1.067 0.015 0.969
11976 1.056 0.004 0.874 1.067 0.015 0.969
11985 1.056 0.004 0.874 1.066 0.015 0.969
11994 1.056 0.004 0.874 1.066 0.015 0.968
12004 1.056 0.004 0.874 1.066 0.015 0.968
12014 1.065 0.015 0.200 1.065 0.015 0.968
12024 1.065 0.015 0.200 1.065 0.015 0.968
12034 1.065 0.015 0.200 1.065 0.015 0.967
12044 1.065 0.015 0.200 1.064 0.015 0.967
12053 1.065 0.015 0.200 1.064 0.015 0.967
12063 1.065 0.015 0.200 1.063 0.015 0.967
12073 1.065 0.015 0.200 1.063 0.015 0.966
12083 1.065 0.015 0.200 1.063 0.016 0.966
12093 1.065 0.015 0.200 1.063 0.016 0.966
12104 1.065 0.015 0.200 1.062 0.016 0.966
12113 1.065 0.015 0.200 1.062 0.016 0.965
12123 1.065 0.015 0.200 1.062 0.016 0.965
12133 1.065 0.015 0.200 1.062 0.016 0.965
12143 1.065 0.015 0.200 1.061 0.016 0.965
12153 1.065 0.015 0.200 1.061 0.016 0.965
12163 1.065 0.015 0.200 1.061 0.016 0.965
12173 1.065 0.015 0.200 1.061 0.016 0.964
12183 1.065 0.015 0.200 1.061 0.016 0.964
12193 1.065 0.015 0.200 1.061 0.016 0.964
12203 1.065 0.015 0.200 1.061 0.017 0.964
12213 1.065 0.015 0.200 1.061 0.016 0.964
12224 1.065 0.015 0.200 1.060 0.016 0.964
12233 1.065 0.015 0.200 1.061 0.016 0.963
12243 1.065 0.015 0.200 1.060 0.016 0.963
12252 1.065 0.015 0.200 1.060 0.017 0.963
12261 1.065 0.015 0.200 1.060 0.017 0.963
12270 1.065 0.015 0.200 1.060 0.016 0.963
12280 1.065 0.015 0.200 1.060 0.016 0.962
12290 1.065 0.015 0.200 1.060 0.016 0.961
12299 1.065 0.015 0.200 1.060 0.017 0.961
12309 1.065 0.015 0.200 1.060 0.017 0.960
12320 1.065 0.015 0.200 1.060 0.017 0.958
12330 1.065 0.015 0.200 1.060 0.017 0.956
12339 1.065 0.015 0.200 1.060 0.017 0.954
12348 1.065 0.015 0.200 1.060 0.016 0.952
12359 1.065 0.015 0.200 1.060 0.016 0.952
12368 1.065 0.015 0.200 1.060 0.016 0.952
12377 1.065 0.015 0.200 1.060 0.016 0.952
12386 1.065 0.015 0.200 1.060 0.017 0.938
12395 1.065 0.015 0.200 1.060 0.017 0.938
12404 1.065 0.015 0.200 1.060 0.017 0.934
12414 1.065 0.015 0.200 1.060 0.016 0.929
12424 1.065 0.015 0.200 1.060 0.017 0.923
12434 1.065 0.015 0.200 1.060 0.016 0.918
12443 1.065 0.015 0.200 1.060 0.017 0.911
12453 1.065 0.015 0.200 1.060 0.017 0.905
12463 1.065 0.015 0.200 1.060 0.017 0.898
12473 1.065 0.015 0.200 1.060 0.017 0.890
12483 1.065 0.015 0.200 1.060 0.017 0.890
12493 1.065 0.015 0.200 1.060 0.017 0.890
12503 1.065 0.015 0.200 1.060 0.017 0.890
12512 1.065 0.015 0.200 1.060 0.016 0.856
12521 1.065 0.015 0.200 1.060 0.017 0.847
12530 1.065 0.015 0.200 1.060 0.016 0.838
12539 1.065 0.015 0.200 1.060 0.016 0.828
12548 1.065 0.015 0.200 1.061 0.016 0.817
12558 1.065 0.015 0.200 1.061 0.016 0.807
12567 1.065 0.015 0.200 1.061 0.016 0.796
12577 1.065 0.015 0.200 1.061 0.017 0.785
12586 1.065 0.015 0.200 1.061 0.017 0.785
12595 1.065 0.015 0.200 1.061 0.016 0.774
12605 1.065 0.015 0.200 1.062 0.016 0.763
12614 1.065 0.015 0.200 1.062 0.016 0.751
12624 1.065 0.015 0.200 1.062 0.016 0.739
12633 1.065 0.015 0.200 1.062 0.016 0.728
12643 1.065 0.015 0.200 1.062 0.016 0.715
12653 1.065 0.015 0.200 1.062 0.016 0.704
12663 1.065 0.015 0.200 1.063 0.016 0.692
12673 1.065 0.015 0.200 1.063 0.016 0.679
12683 1.065 0.015 0.200 1.063 0.016 0.667
12693 1.065 0.015 0.200 1.063 0.015 0.655
12703 1.065 0.015 0.200 1.063 0.016 0.643
12712 1.065 0.015 0.200 1.064 0.016 0.631
12722 1.065 0.015 0.200 1.064 0.016 0.618
12732 1.065 0.015 0.200 1.064 0.016 0.606
12741 1.065 0.015 0.200 1.064 0.016 0.594
12751 1.065 0.015 0.200 1.064 0.016 0.582
12760 1.065 0.015 0.200 1.065 0.017 0.570
12769 1.065 0.015 0.200 1.065 0.017 0.559
12779 1.065 0.015 0.200 1.065 0.017 0.547
12788 1.065 0.015 0.200 1.065 0.017 0.536
12798 1.065 0.015 0.200 1.066 0.017 0.524
12808 1.065 0.015 0.200 1.066 0.017 0.513
12818 1.065 0.015 0.200 1.066 0.018 0.503
12828 1.065 0.015 0.200 1.067 0.018 0.492
12842 1.065 0.015 0.200 1.067 0.018 0.481
12851 1.065 0.015 0.200 1.067 0.018 0.471
12860 1.065 0.015 0.200 1.067 0.018 0.461
12869 1.065 0.015 0.200 1.068 0.019 0.452
12879 1.065 0.015 0.200 1.067 0.018 0.442
12889 1.065 0.015 0.200 1.068 0.018 0.432
12898 1.065 0.015 0.200 1.068 0.019 0.423
12908 1.065 0.015 0.200 1.068 0.019 0.414
12918 1.065 0.015 0.200 1.068 0.019 0.406
12928 1.065 0.015 0.200 1.069 0.020 0.397
12937 1.065 0.015 0.200 1.069 0.019 0.389
12946 1.065 0.015 0.200 1.069 0.020 0.381
12955 1.065 0.015 0.200 1.068 0.020 0.374
12965 1.065 0.015 0.200 1.068 0.020 0.374
12975 1.065 0.015 0.200 1.069 0.022 0.360
12985 1.065 0.015 0.200 1.069 0.021 0.352
12994 1.065 0.015 0.200 1.069 0.021 0.352
13004 1.065 0.015 0.200 1.069 0.021 0.346
13013 1.065 0.015 0.200 1.069 0.020 0.340
13022 1.065 0.015 0.200 1.069 0.021 0.333
13032 1.065 0.015 0.200 1.070 0.022 0.327
13041 1.065 0.015 0.200 1.069 0.022 0.321
13050 1.065 0.015 0.200 1.069 0.022 0.316
13059 1.065 0.015 0.200 1.069 0.023 0.311
13068 1.065 0.015 0.200 1.069 0.023 0.306
13078 1.065 0.015 0.200 1.070 0.023 0.301
13087 1.065 0.015 0.200 1.069 0.024 0.296
13097 1.065 0.015 0.200 1.069 0.024 0.291
13107 1.065 0.015 0.200 1.069 0.023 0.287
13116 1.065 0.015 0.200 1.069 0.024 0.283
13126 1.065 0.015 0.200 1.069 0.025 0.279
13136 1.065 0.015 0.200 1.068 0.025 0.275
13146 1.065 0.015 0.200 1.068 0.025 0.272
13155 1.065 0.015 0.200 1.068 0.025 0.272
13165 1.065 0.015 0.200 1.068 0.026 0.268
13175 1.065 0.015 0.200 1.068 0.026 0.265
13184 1.065 0.015 0.200 1.067 0.026 0.261
13193 1.065 0.015 0.200 1.067 0.026 0.258
13202 1.065 0.015 0.200 1.067 0.027 0.256
13212 1.065 0.015 0.200 1.066 0.027 0.253
13221 1.065 0.015 0.200 1.066 0.026 0.250
13232 1.065 0.015 0.200 1.066 0.026 0.248
13242 1.065 0.015 0.200 1.066 0.027 0.245
13251 1.065 0.015 0.200 1.065 0.028 0.242
13260 1.065 0.015 0.200 1.065 0.028 0.240
13269 1.065 0.015 0.200 1.065 0.028 0.238
13279 1.065 0.015 0.200 1.064 0.027 0.235
13288 1.065 0.015 0.200 1.064 0.027 0.233
13297 1.065 0.015 0.200 1.064 0.027 0.231
13306 1.065 0.015 0.200 1.063 0.028 0.229
13315 1.065 0.015 0.200 1.063 0.028 0.229
13324 1.065 0.015 0.200 1.063 0.028 0.227
13333 1.065 0.015 0.200 1.062 0.027 0.226
13343 1.065 0.015 0.200 1.062 0.027 0.224
13353 1.065 0.015 0.200 1.062 0.028 0.222
13366 1.065 0.015 0.200 1.061 0.027 0.219
13376 1.065 0.015 0.200 1.060 0.028 0.217
13386 1.065 0.015 0.200 1.060 0.027 0.216
13395 1.065 0.015 0.200 1.060 0.027 0.216
13404 1.065 0.015 0.200 1.059 0.027 0.215
13414 1.065 0.015 0.200 1.059 0.027 0.213
13424 1.065 0.015 0.200 1.059 0.026 0.212
13433 1.065 0.015 0.200 1.058 0.027 0.210
13443 1.065 0.015 0.200 1.058 0.026 0.209
13452 1.065 0.015 0.200 1.057 0.026 0.208
13461 1.065 0.015 0.200 1.057 0.026 0.207
13471 1.065 0.015 0.200 1.057 0.025 0.206
13481 1.065 0.015 0.200 1.056 0.026 0.205
13491 1.065 0.015 0.200 1.055 0.025 0.203
13501 1.065 0.015 0.200 1.056 0.025 0.203
13511 1.065 0.015 0.200 1.055 0.025 0.201
13521 1.065 0.015 0.000 1.055 0.024 0.201
13530 1.065 0.015 0.000 1.054 0.025 0.201
13539 1.065 0.015 0.000 1.053 0.024 0.198
13548 1.065 0.015 0.000 1.054 0.024 0.198
13558 1.065 0.015 0.000 1.053 0.022 0.197
13567 1.065 0.015 0.000 1.053 0.023 0.196
13577 1.065 0.015 0.000 1.052 0.023 0.195
13586 1.065 0.015 0.000 1.052 0.021 0.194
13595 1.065 0.015 0.000 1.051 0.022 0.193
13605 1.065 0.015 0.000 1.051 0.022 0.193
13615 1.065 0.015 0.000 1.052 0.020 0.192
13625 1.065 0.015 0.000 1.051 0.020 0.192
13634 1.065 0.015 0.000 1.051 0.020 0.192
13644 1.065 0.015 0.000 1.051 0.020 0.191
13653 1.065 0.015 0.000 1.050 0.020 0.190
13663 1.065 0.015 0.000 1.050 0.020 0.190
13672 1.065 0.015 0.000 1.050 0.020 0.190
13681 1.065 0.015 0.000 1.050 0.020 0.189
13691 1.065 0.015 0.000 1.050 0.019 0.188
13700 1.065 0.015 0.000 1.050 0.019 0.188
13710 1.065 0.015 0.000 1.050 0.019 0.188
13720 1.065 0.015 0.000 1.050 0.017 0.186
13733 1.065 0.015 0.000 1.049 0.016 0.185
13743 1.065 0.015 0.000 1.049 0.018 0.184
13753 1.065 0.015 0.000 1.048 0.017 0.184
13763 1.065 0.015 0.000 1.048 0.015 0.183
13772 1.065 0.015 0.000 1.049 0.015 0.183
13781 1.065 0.015 0.000 1.049 0.016 0.182
13791 1.065 0.015 0.000 1.048 0.015 0.181
13801 1.065 0.015 0.000 1.048 0.016 0.180
13811 1.065 0.015 0.000 1.048 0.015 0.179
13821 1.065 0.015 0.000 1.049 0.014 0.178
13831 1.065 0.015 0.000 1.048 0.014 0.177
13841 1.065 0.015 0.000 1.048 0.015 0.175
13850 1.065 0.015 0.000 1.048 0.014 0.174
13859 1.065 0.015 0.000 1.048 0.015 0.172
13869 1.065 0.015 0.000 1.048 0.014 0.170
13879 1.065 0.015 0.000 1.048 0.014 0.168
13888 1.065 0.015 0.000 1.048 0.014 0.166
13897 1.065 0.015 0.000 1.049 0.013 0.163
13907 1.065 0.015 0.000 1.048 0.014 0.160
13917 1.065 0.015 0.000 1.048 0.013 0.157
13927 1.065 0.015 0.000 1.048 0.013 0.155
13937 1.065 0.015 0.000 1.049 0.013 0.151
13946 1.065 0.015 0.000 1.048 0.014 0.148
13955 1.065 0.015 0.000 1.048 0.014 0.148
13964 1.065 0.015 0.000 1.048 0.013 0.145
13974 1.065 0.015 0.000 1.048 0.014 0.141
13984 1.065 0.015 0.000 1.048 0.014 0.137
13993 1.065 0.015 0.000 1.049 0.013 0.133
14003 1.065 0.015 0.000 1.048 0.013 0.129
14013 1.065 0.015 0.000 1.048 0.013 0.125
14023 1.065 0.015 0.000 1.048 0.014 0.121
14033 1.065 0.015 0.000 1.049 0.012 0.118
14042 1.065 0.015 0.000 1.047 0.015 0.114
14051 1.065 0.015 0.000 1.048 0.013 0.109
14060 1.065 0.015 0.000 1.049 0.012 0.105
14070 1.065 0.015 0.000 1.050 0.013 0.101
14079 1.065 0.015 0.000 1.049 0.013 0.097
14088 1.065 0.015 0.000 1.049 0.014 0.092
14098 1.065 0.015 0.000 1.050 0.013 0.088
14107 1.065 0.015 0.000 1.051 0.012 0.085
14117 1.065 0.015 0.000 1.050 0.013 0.080
14126 1.065 0.015 0.000 1.051 0.012 0.076
14136 1.065 0.015 0.000 1.051 0.013 0.072
14146 1.065 0.015 0.000 1.050 0.014 0.068
14156 1.065 0.015 0.000 1.050 0.014 0.068
14166 1.065 0.015 0.000 1.052 0.016 0.061
14175 1.065 0.015 0.000 1.052 0.016 0.061
14184 1.065 0.015 0.000 1.052 0.014 0.058
14194 1.065 0.015 0.000 1.052 0.015 0.055
14203 1.065 0.015 0.000 1.052 0.015 0.051
14213 1.065 0.015 0.000 1.051 0.014 0.048
14222 1.065 0.015 0.000 1.053 0.015 0.044
14231 1.065 0.015 0.000 1.053 0.014 0.041
14240 1.065 0.015 0.000 1.053 0.015 0.038
14249 1.065 0.015 0.000 1.053 0.015 0.034
14258 1.065 0.015 0.000 1.053 0.016 0.032
14268 1.065 0.015 0.000 1.053 0.015 0.028
14277 1.065 0.015 0.000 1.054 0.016 0.024
14286 1.065 0.015 0.000 1.055 0.016 0.020
14295 1.065 0.015 0.000 1.055 0.016 0.020
14304 1.065 0.015 0.000 1.054 0.016 0.015
14313 1.065 0.015 0.000 1.055 0.019 0.010
14322 1.065 0.015 0.000 1.054 0.020 0.005
14331 1.065 0.015 0.000 1.054 0.020 0.004
14341 1.065 0.015 0.000 1.056 0.017 0.006
14350 1.065 0.015 0.000 1.054 0.018 0.007
14359 1.065 0.015 0.000 1.055 0.018 0.009
14368 1.065 0.015 0.000 1.054 0.019 0.010
14377 1.065 0.015 0.000 1.053 0.019 0.009
14386 1.065 0.015 0.000 1.053 0.017 0.009
14395 1.065 0.015 0.000 1.052 0.018 0.009
14404 1.065 0.015 0.000 1.052 0.018 0.009
14414 1.065 0.015 0.000 1.052 0.018 0.009
14423 1.065 0.015 0.000 1.051 0.018 0.008
14432 1.065 0.015 0.000 1.051 0.018 0.008
14441 1.065 0.015 0.000 1.050 0.018 0.006
14450 1.065 0.015 0.000 1.049 0.019 0.005
14459 1.065 0.015 0.000 1.050 0.018 0.003
14468 1.065 0.015 0.000 1.050 0.018 0.004
14477 1.065 0.015 0.000 1.051 0.018 0.004
14487 1.065 0.015 0.000 1.050 0.017 0.004
14496 1.065 0.015 0.000 1.052 0.017 0.004
14505 1.065 0.015 0.000 1.052 0.017 0.004
14514 1.065 0.015 0.000 1.050 0.020 0.004
14523 1.065 0.015 0.000 1.051 0.019 0.005
14532 1.065 0.015 0.000 1.051 0.019 0.004
14541 1.065 0.015 0.000 1.051 0.019 0.004
14550 1.065 0.015 0.000 1.050 0.019 0.003
14560 1.065 0.015 0.000 1.051 0.017 0.004
14569 1.065 0.015 0.000 1.050 0.019 0.003
14578 1.065 0.015 0.000 1.051 0.018 0.004
14587 1.065 0.015 0.000 1.051 0.018 0.004
14596 1.065 0.015 0.000 1.051 0.018 0.003
14605 1.065 0.015 0.000 1.051 0.019 0.003
14614 1.065 0.015 0.000 1.051 0.019 0.003
14623 1.065 0.015 0.000 1.051 0.018 0.003
14633 1.065 0.015 0.000 1.051 0.018 0.003
14642 1.065 0.015 0.000 1.051 0.018 0.004
14651 1.065 0.015 0.000 1.051 0.018 0.003
14660 1.065 0.015 0.000 1.050 0.019 0.003
14669 1.065 0.015 0.000 1.050 0.019 0.003
14678 1.065 0.015 0.000 1.050 0.018 0.003
14687 1.065 0.015 0.000 1.050 0.019 0.003
14696 1.065 0.015 0.000 1.051 0.019 0.003
14706 1.065 0.015 0.000 1.051 0.019 0.003
14715 1.065 0.015 0.000 1.050 0.018 0.003
14724 1.065 0.015 0.000 1.051 0.018 0.003
14733 1.065 0.015 0.000 1.051 0.018 0.004
14742 1.065 0.015 0.000 1.051 0.018 0.003
14751 1.065 0.015 0.000 1.051 0.018 0.003
14760 1.065 0.015 0.000 1.050 0.019 0.003
14769 1.065 0.015 0.000 1.051 0.018 0.003
14779 1.065 0.015 0.000 1.050 0.019 0.003
14788 1.065 0.015 0.000 1.051 0.018 0.003
14797 1.065 0.015 0.000 1.051 0.018 0.003
14806 1.065 0.015 0.000 1.051 0.019 0.004
14815 1.065 0.015 0.000 1.051 0.018 0.003
14824 1.065 0.015 0.000 1.051 0.018 0.003
14833 1.065 0.015 0.000 1.051 0.018 0.004
14842 1.065 0.015 0.000 1.050 0.018 0.004
14852 1.065 0.015 0.000 1.050 0.019 0.003
14861 1.065 0.015 0.000 1.050 0.019 0.004
14870 1.065 0.015 0.000 1.050 0.019 0.003
14879 1.065 0.015 0.000 1.050 0.019 0.003
14888 1.065 0.015 0.000 1.050 0.019 0.003
14897 1.065 0.015 0.000 1.051 0.018 0.004
14906 1.065 0.015 0.000 1.051 0.018 0.004
14915 1.065 0.015 0.000 1.050 0.019 0.003
14925 1.065 0.015 0.000 1.050 0.019 0.003
14934 1.065 0.015 0.000 1.051 0.018 0.003
14943 1.065 0.015 0.000 1.051 0.018 0.003
14952 1.065 0.015 0.000 1.050 0.019 0.003
14961 1.065 0.015 0.000 1.050 0.019 0.003
14970 1.065 0.015 0.000 1.050 0.018 0.004
14979 1.065 0.015 0.000 1.050 0.018 0.003
14989 1.065 0.015 0.000 1.050 0.019 0.003
14998 1.065 0.015 0.000 1.051 0.018 0.003
15007 1.065 0.015 0.000 1.050 0.018 0.004
15016 1.065 0.015 0.000 1.050 0.019 0.003
15025 1.065 0.015 0.000 1.050 0.019 0.003
15034 1.065 0.015 0.000 1.050 0.019 0.003
15043 1.065 0.015 0.000 1.050 0.019 0.003
15052 1.065 0.015 0.000 1.050 0.019 0.003
15061 1.065 0.015 0.000 1.050 0.018 0.003
15071 1.065 0.015 0.000 1.050 0.019 0.003
15080 1.065 0.015 0.000 1.050 0.019 0.003
15089 1.065 0.015 0.000 1.050 0.019 0.003
15098 1.065 0.015 0.000 1.050 0.019 0.003
15107 1.065 0.015 0.000 1.050 0.019 0.003
15116 1.065 0.015 0.000 1.050 0.019 0.003
15125 1.065 0.015 0.000 1.050 0.019 0.003
15135 1.065 0.015 0.000 1.050 0.019 0.003
15144 1.065 0.015 0.000 1.051 0.018 0.004
15153 1.065 0.015 0.000 1.050 0.019 0.003
15162 1.065 0.015 0.000 1.051 0.018 0.004
15171 1.065 0.015 0.000 1.050 0.019 0.003
15180 1.065 0.015 0.000 1.051 0.018 0.003
15189 1.065 0.015 0.000 1.050 0.019 0.003
15198 1.065 0.015 0.000 1.050 0.019 0.003
15207 1.065 0.015 0.000 1.050 0.019 0.003
15217 1.065 0.015 0.000 1.050 0.019 0.003
15226 1.065 0.015 0.000 1.050 0.019 0.003
15235 1.065 0.015 0.000 1.050 0.019 0.003
15244 1.065 0.015 0.000 1.050 0.019 0.003
15253 1.065 0.015 0.000 1.050 0.019 0.003
15262 1.065 0.015 0.000 1.051 0.018 0.003
15271 1.065 0.015 0.000 1.050 0.019 0.003
15280 1.065 0.015 0.000 1.050 0.018 0.004
15290 1.065 0.015 0.000 1.050 0.019 0.003
15299 1.065 0.015 0.000 1.050 0.019 0.003
15308 1.065 0.015 0.000 1.050 0.019 0.003
15317 1.065 0.015 0.000 1.050 0.019 0.004
15326 1.065 0.015 0.000 1.051 0.018 0.004
15335 1.065 0.015 0.000 1.050 0.019 0.003
15344 1.065 0.015 0.000 1.050 0.019 0.003
15353 1.065 0.015 0.000 1.050 0.018 0.004
15363 1.065 0.015 0.000 1.051 0.018 0.003
15372 1.065 0.015 0.000 1.050 0.018 0.004
15381 1.065 0.015 0.000 1.050 0.019 0.003
15390 1.065 0.015 0.000 1.050 0.019 0.003
15399 1.065 0.015 0.000 1.050 0.019 0.003
15408 1.065 0.015 0.000 1.050 0.019 0.003
15417 1.065 0.015 0.000 1.050 0.019 0.003
15426 1.065 0.015 0.000 1.050 0.019 0.003
15436 1.065 0.015 0.000 1.050 0.019 0.003
15445 1.065 0.015 0.000 1.050 0.019 0.003
15454 1.065 0.015 0.000 1.050 0.019 0.003
15463 1.065 0.015 0.000 1.051 0.018 0.003

