T Xr Yr Zr Xa Ya Za
1 0.000 0.000 0.000 0.000 0.000 0.000
10 0.000 0.000 0.000 0.005 -0.013 0.006
19 0.000 0.000 0.000 0.005 -0.013 0.006
28 0.000 0.000 0.000 0.005 -0.013 0.006
37 0.000 0.000 0.000 0.005 -0.013 0.006
46 0.000 0.000 0.000 0.005 -0.013 0.006
55 0.000 0.000 0.000 0.005 -0.013 0.006
64 0.000 0.000 0.000 0.005 -0.013 0.006
74 0.000 0.000 0.000 0.005 -0.012 0.006
83 0.000 0.000 0.000 0.005 -0.012 0.006
92 0.000 0.000 0.000 0.005 -0.013 0.006
101 0.000 0.000 0.000 0.005 -0.013 0.006
110 0.000 0.000 0.000 0.005 -0.012 0.006
119 0.000 0.000 0.000 0.005 -0.013 0.006
128 0.000 0.000 0.000 0.005 -0.011 0.006
137 0.000 0.000 0.000 0.005 -0.011 0.006
147 0.000 0.000 0.000 0.005 -0.011 0.006
156 0.000 0.000 0.000 0.005 -0.013 0.006
165 0.000 0.000 0.000 0.005 -0.011 0.006
174 0.000 0.000 0.000 0.005 -0.012 0.006
183 0.000 0.000 0.000 0.005 -0.011 0.006
192 0.000 0.000 0.000 0.005 -0.011 0.006
201 0.000 0.000 0.000 0.005 -0.011 0.006
211 0.000 0.000 0.000 0.005 -0.012 0.006
220 0.000 0.000 0.000 0.005 -0.013 0.006
229 0.000 0.000 0.000 0.005 -0.013 0.006
238 0.000 0.000 0.000 0.005 -0.013 0.006
247 0.000 0.000 0.000 0.005 -0.012 0.006
256 0.000 0.000 0.000 0.005 -0.012 0.006
265 0.000 0.000 0.000 0.005 -0.013 0.006
274 0.000 0.000 0.000 0.005 -0.013 0.006
284 0.000 0.000 0.000 0.005 -0.012 0.006
293 0.000 0.000 0.000 0.005 -0.012 0.006
302 0.000 0.000 0.000 0.005 -0.012 0.006
311 0.000 0.000 0.000 0.005 -0.013 0.006
320 0.000 0.000 0.000 0.005 -0.011 0.006
329 0.000 0.000 0.000 0.005 -0.012 0.006
338 0.000 0.000 0.000 0.005 -0.011 0.006
347 0.000 0.000 0.000 0.005 -0.012 0.006
357 0.000 0.000 0.000 0.005 -0.011 0.006
366 0.000 0.000 0.000 0.005 -0.011 0.006
375 0.000 0.000 0.000 0.005 -0.011 0.006
384 0.000 0.000 0.000 0.005 -0.011 0.006
393 0.000 0.000 0.000 0.005 -0.011 0.006
402 0.000 0.000 0.000 0.005 -0.011 0.006
411 0.000 0.000 0.000 0.005 -0.011 0.006
420 0.000 0.000 0.000 0.005 -0.011 0.006
430 0.000 0.000 0.000 0.005 -0.012 0.006
439 0.000 0.000 0.000 0.005 -0.012 0.006
448 0.000 0.000 0.000 0.005 -0.012 0.006
457 0.000 0.000 0.000 0.005 -0.013 0.006
466 0.000 0.000 0.000 0.005 -0.013 0.006
475 0.000 0.000 0.000 0.005 -0.012 0.006
484 0.000 0.000 0.000 0.005 -0.012 0.006
493 0.000 0.000 0.000 0.005 -0.011 0.006
503 0.000 0.000 0.000 0.005 -0.011 0.006
512 0.000 0.000 0.000 0.005 -0.011 0.006
521 0.000 0.000 0.000 0.005 -0.011 0.006
530 0.000 0.000 0.000 0.005 -0.012 0.006
539 0.000 0.000 0.000 0.005 -0.013 0.006
548 0.000 0.000 0.000 0.005 -0.011 0.006
557 0.000 0.000 0.000 0.005 -0.011 0.006
567 0.000 0.000 0.000 0.005 -0.011 0.006
576 0.000 0.000 0.000 0.005 -0.011 0.006
585 0.000 0.000 0.000 0.005 -0.011 0.006
594 0.000 0.000 0.000 0.005 -0.012 0.006
603 0.000 0.000 0.000 0.005 -0.012 0.006
612 0.000 0.000 0.000 0.005 -0.011 0.006
621 0.000 0.000 0.000 0.005 -0.011 0.006
630 0.000 0.000 0.000 0.005 -0.011 0.006
640 0.000 0.000 0.000 0.005 -0.011 0.006
649 0.000 0.000 0.000 0.005 -0.011 0.006
658 0.000 0.000 0.000 0.005 -0.011 0.006
667 0.000 0.000 0.000 0.005 -0.012 0.006
676 0.000 0.000 0.000 0.005 -0.012 0.006
685 0.000 0.000 0.000 0.005 -0.011 0.006
694 0.000 0.000 0.000 0.005 -0.011 0.006
703 0.000 0.000 0.000 0.005 -0.011 0.006
713 0.000 0.000 0.000 0.005 -0.011 0.006
722 0.000 0.000 0.000 0.005 -0.012 0.006
731 0.000 0.000 0.000 0.005 -0.012 0.006
740 0.000 0.000 0.000 0.005 -0.011 0.006
749 0.000 0.000 0.000 0.005 -0.011 0.006
758 0.000 0.000 0.000 0.005 -0.011 0.006
767 0.000 0.000 0.000 0.005 -0.011 0.006
776 0.000 0.000 0.000 0.005 -0.011 0.006
786 0.000 0.000 0.000 0.005 -0.011 0.006
795 0.000 0.000 0.000 0.005 -0.011 0.006
804 0.000 0.000 0.000 0.005 -0.011 0.006
813 0.000 0.000 0.000 0.005 -0.011 0.006
822 0.000 0.000 0.000 0.005 -0.012 0.006
831 0.000 0.000 0.000 0.005 -0.011 0.006
840 0.000 0.000 0.000 0.005 -0.011 0.006
849 0.000 0.000 0.000 0.005 -0.011 0.006
859 0.000 0.000 0.000 0.005 -0.011 0.006
868 0.000 0.000 0.000 0.005 -0.011 0.006
877 0.000 0.000 0.000 0.005 -0.011 0.006
886 0.000 0.000 0.000 0.005 -0.011 0.006
895 0.000 0.000 0.000 0.005 -0.011 0.006
904 0.000 0.000 0.000 0.005 -0.011 0.006
913 0.000 0.000 0.000 0.005 -0.011 0.006
923 0.000 0.000 0.000 0.005 -0.011 0.006
932 0.000 0.000 0.000 0.005 -0.011 0.006
941 0.000 0.000 0.000 0.005 -0.011 0.006
950 0.000 0.000 0.000 0.005 -0.011 0.006
959 0.000 0.000 0.000 0.005 -0.012 0.006
968 0.000 0.000 0.000 0.005 -0.011 0.006
977 0.000 0.000 0.000 0.005 -0.011 0.006
986 0.000 0.000 0.000 0.005 -0.011 0.006
996 0.000 0.000 0.000 0.005 -0.011 0.006
1005 0.000 0.000 0.000 0.005 -0.011 0.006
1014 0.000 0.000 0.000 0.005 -0.011 0.006
1023 0.000 0.000 0.000 0.005 -0.011 0.006
1032 0.000 0.000 0.000 0.005 -0.011 0.006
1041 0.000 0.000 0.000 0.005 -0.011 0.006
1050 0.000 0.000 0.000 0.005 -0.011 0.006
1059 0.000 0.000 0.000 0.005 -0.011 0.006
1069 0.000 0.000 0.000 0.005 -0.011 0.006
1078 0.000 0.000 0.000 0.005 -0.011 0.006
1087 0.000 0.000 0.000 0.005 -0.011 0.006
1096 0.000 0.000 0.000 0.005 -0.011 0.006
1105 0.000 0.000 0.000 0.005 -0.011 0.006
1114 0.000 0.000 0.000 0.005 -0.011 0.006
1123 0.000 0.000 0.000 0.005 -0.012 0.006
1132 0.000 0.000 0.000 0.005 -0.012 0.006
1142 0.000 0.000 0.000 0.005 -0.011 0.006
1151 0.000 0.000 0.000 0.005 -0.011 0.006
1160 0.000 0.000 0.000 0.007 -0.012 0.006
1169 0.000 0.000 0.000 0.007 -0.012 0.006
1178 0.000 0.000 0.000 0.006 -0.012 0.006
1187 0.000 0.000 0.000 0.006 -0.012 0.006
1196 0.000 0.000 0.000 0.006 -0.012 0.006
1205 0.000 0.000 0.000 0.006 -0.011 0.006
1215 0.000 0.000 0.000 0.006 -0.012 0.006
1224 0.000 0.000 0.000 0.006 -0.012 0.006
1233 0.000 0.000 0.000 0.006 -0.012 0.006
1242 0.000 0.000 0.000 0.006 -0.012 0.006
1251 0.000 0.000 0.000 0.006 -0.012 0.006
1260 0.000 0.000 0.000 0.006 -0.012 0.006
1269 0.000 0.000 0.000 0.006 -0.012 0.006
1278 0.000 0.000 0.000 0.006 -0.012 0.006
1288 0.000 0.000 0.000 0.007 -0.013 0.007
1297 0.000 0.000 0.000 0.006 -0.012 0.006
1306 0.000 0.000 0.000 0.006 -0.011 0.006
1315 0.000 0.000 0.000 0.006 -0.011 0.006
1324 0.000 0.000 0.000 0.006 -0.011 0.006
1333 0.000 0.000 0.000 0.006 -0.011 0.006
1342 0.000 0.000 0.000 0.006 -0.011 0.006
1351 0.000 0.000 0.000 0.006 -0.011 0.006
1361 0.000 0.000 0.000 0.006 -0.011 0.006
1370 0.000 0.000 0.000 0.006 -0.012 0.006
1379 0.000 0.000 0.000 0.006 -0.012 0.006
1388 0.000 0.000 0.000 0.006 -0.012 0.006
1397 0.000 0.000 0.000 0.006 -0.011 0.006
1406 0.000 0.000 0.000 0.006 -0.011 0.006
1415 0.000 0.000 0.000 0.006 -0.011 0.006
1424 0.000 0.000 0.000 0.006 -0.012 0.006
1434 0.000 0.000 0.000 0.006 -0.011 0.006
1443 0.000 0.000 0.000 0.006 -0.011 0.006
1452 0.000 0.000 0.000 0.006 -0.012 0.006
1461 0.000 0.000 0.000 0.007 -0.012 0.007
1470 0.000 0.000 0.000 0.007 -0.012 0.007
1479 0.000 0.000 0.000 0.007 -0.012 0.006
1488 0.000 0.000 0.000 0.006 -0.011 0.006
1497 0.000 0.000 0.000 0.006 -0.011 0.006
1506 0.000 0.000 0.000 0.007 -0.012 0.006
1516 0.000 0.000 0.000 0.006 -0.012 0.006
1525 0.000 0.000 0.000 0.006 -0.011 0.006
1534 0.000 0.000 0.000 0.006 -0.011 0.006
1543 0.000 0.000 0.000 0.006 -0.011 0.006
1552 0.000 0.000 0.000 0.006 -0.011 0.006
1561 0.000 0.000 0.000 0.006 -0.011 0.006
1570 0.000 0.000 0.000 0.006 -0.011 0.006
1579 0.000 0.000 0.000 0.006 -0.011 0.006
1589 0.000 0.000 0.000 0.006 -0.011 0.006
1598 0.000 0.000 0.000 0.006 -0.011 0.006
1607 0.000 0.000 0.000 0.006 -0.012 0.006
1616 0.000 0.000 0.000 0.006 -0.012 0.006
1625 0.000 0.000 0.000 0.006 -0.012 0.006
1634 0.000 0.000 0.000 0.006 -0.011 0.006
1643 0.000 0.000 0.000 0.006 -0.012 0.006
1652 0.000 0.000 0.000 0.006 -0.012 0.006
1662 0.000 0.000 0.000 0.006 -0.012 0.006
1671 0.000 0.000 0.000 0.006 -0.012 0.006
1680 0.000 0.000 0.000 0.006 -0.011 0.006
1689 0.000 0.000 0.000 0.006 -0.012 0.006
1698 0.000 0.000 0.000 0.005 -0.011 0.006
1707 0.000 0.000 0.000 0.005 -0.011 0.006
1716 0.000 0.000 0.000 0.005 -0.011 0.006
1725 0.000 0.000 0.000 0.005 -0.011 0.006
1735 0.000 0.000 0.000 0.005 -0.011 0.006
1744 0.000 0.000 0.000 0.005 -0.011 0.006
1753 0.000 0.000 0.000 0.005 -0.011 0.006
1762 0.000 0.000 0.000 0.005 -0.011 0.006
1771 0.000 0.000 0.000 0.005 -0.011 0.006
1780 0.000 0.000 0.000 0.005 -0.012 0.006
1789 0.000 0.000 0.000 0.005 -0.011 0.006
1799 0.000 0.000 0.000 0.005 -0.012 0.006
1808 0.000 0.000 0.000 0.005 -0.012 0.006
1817 0.000 0.000 0.000 0.005 -0.011 0.006
1826 0.000 0.000 0.000 0.005 -0.011 0.006
1835 0.000 0.000 0.000 0.005 -0.012 0.006
1844 0.000 0.000 0.000 0.005 -0.011 0.006
1853 0.000 0.000 0.000 0.005 -0.011 0.006
1862 0.000 0.000 0.000 0.005 -0.011 0.006
1872 0.000 0.000 0.000 0.005 -0.011 0.006
1881 0.000 0.000 0.000 0.005 -0.011 0.006
1890 0.000 0.000 0.000 0.005 -0.011 0.006
1899 0.000 0.000 0.000 0.005 -0.011 0.006
1908 0.000 0.000 0.000 0.005 -0.011 0.006
1917 0.000 0.000 0.000 0.005 -0.011 0.006
1926 0.000 0.000 0.000 0.005 -0.011 0.006
1935 0.000 0.000 0.000 0.005 -0.011 0.006
1944 0.000 0.000 0.000 0.005 -0.011 0.006
1954 0.000 0.000 0.000 0.005 -0.011 0.006
1963 0.000 0.000 0.000 0.005 -0.011 0.006
1972 0.000 0.000 0.000 0.005 -0.011 0.006
1981 0.000 0.000 0.000 0.005 -0.011 0.006
1990 0.000 0.000 0.000 0.005 -0.011 0.006
1999 0.000 0.000 0.000 0.005 -0.011 0.006
2008 0.000 0.000 0.000 0.005 -0.011 0.006
2018 0.000 0.000 0.000 0.005 -0.011 0.006
2027 0.000 0.000 0.000 0.005 -0.011 0.006
2036 0.000 0.000 0.000 0.005 -0.011 0.006
2045 0.000 0.000 0.000 0.005 -0.011 0.006
2054 0.000 0.000 0.000 0.005 -0.011 0.006
2063 0.000 0.000 0.000 0.005 -0.011 0.006
2072 0.000 0.000 0.000 0.005 -0.012 0.006
2081 0.000 0.000 0.000 0.005 -0.011 0.006
2091 0.000 0.000 0.000 0.005 -0.011 0.006
2100 0.000 0.000 0.000 0.005 -0.011 0.006
2109 0.000 0.000 0.000 0.005 -0.011 0.006
2118 0.000 0.000 0.000 0.005 -0.011 0.006
2127 0.000 0.000 0.000 0.005 -0.011 0.006
2136 0.000 0.000 0.000 0.005 -0.011 0.006
2145 0.000 0.000 0.000 0.005 -0.011 0.006
2154 0.000 0.000 0.000 0.005 -0.011 0.006
2164 0.000 0.000 0.000 0.005 -0.012 0.006
2173 0.000 0.000 0.000 0.005 -0.012 0.006
2182 0.000 0.000 0.000 0.005 -0.011 0.006
2191 0.000 0.000 0.000 0.005 -0.011 0.006
2200 0.000 0.000 0.000 0.005 -0.012 0.006
2209 0.000 0.000 0.000 0.005 -0.011 0.006
2218 0.000 0.000 0.000 0.005 -0.011 0.006
2227 0.000 0.000 0.000 0.005 -0.011 0.006
2237 0.000 0.000 0.000 0.005 -0.011 0.006
2246 0.000 0.000 0.000 0.005 -0.011 0.006
2255 0.000 0.000 0.000 0.005 -0.011 0.006
2264 0.000 0.000 0.000 0.005 -0.011 0.006
2273 0.000 0.000 0.000 0.005 -0.011 0.006
2282 0.000 0.000 0.000 0.005 -0.011 0.006
2291 0.000 0.000 0.000 0.005 -0.011 0.006
2300 0.000 0.000 0.000 0.005 -0.011 0.006
2310 0.000 0.000 0.000 0.005 -0.011 0.006
2319 0.000 0.000 0.000 0.005 -0.011 0.006
2328 0.000 0.000 0.000 0.005 -0.011 0.006
2337 0.000 0.000 0.000 0.005 -0.011 0.006
2346 0.000 0.000 0.000 0.005 -0.011 0.006
2355 0.000 0.000 0.000 0.005 -0.012 0.006
2364 0.000 0.000 0.000 0.005 -0.011 0.006
2373 0.000 0.000 0.000 0.005 -0.011 0.006
2383 0.000 0.000 0.000 0.005 -0.011 0.006
2392 0.000 0.000 0.000 0.005 -0.012 0.006
2401 0.000 0.000 0.000 0.005 -0.011 0.006
2410 0.000 0.000 0.000 0.005 -0.011 0.006
2419 0.000 0.000 0.000 0.005 -0.011 0.006
2428 0.000 0.000 0.000 0.005 -0.011 0.006
2437 0.000 0.000 0.000 0.005 -0.011 0.006
2447 0.000 0.000 0.000 0.005 -0.011 0.006
2456 0.000 0.000 0.000 0.005 -0.011 0.006
2465 0.000 0.000 0.000 0.005 -0.011 0.006
2474 0.000 0.000 0.000 0.005 -0.011 0.006
2483 0.000 0.000 0.000 0.005 -0.011 0.006
2492 0.000 0.000 0.000 0.005 -0.011 0.006
2501 0.000 0.000 0.000 0.005 -0.011 0.006
2510 0.000 0.000 0.000 0.005 -0.011 0.006
2520 0.000 0.000 0.000 0.005 -0.011 0.006
2529 0.000 0.000 0.000 0.005 -0.011 0.006
2538 0.000 0.000 0.000 0.005 -0.011 0.006
2547 0.000 0.000 0.000 0.005 -0.011 0.006
2556 0.000 0.000 0.000 0.005 -0.012 0.006
2565 0.000 0.000 0.000 0.005 -0.011 0.006
2574 0.000 0.000 0.000 0.005 -0.012 0.006
2583 0.000 0.000 0.000 0.005 -0.012 0.006
2592 0.000 0.000 0.000 0.005 -0.012 0.006
2602 0.006 -0.012 0.350 0.005 -0.011 0.006
2611 0.006 -0.012 0.350 0.005 -0.011 0.006
2621 0.006 -0.012 0.350 0.005 -0.011 0.006
2631 0.006 -0.012 0.350 0.005 -0.011 0.006
2641 0.006 -0.012 0.350 0.005 -0.012 0.006
2651 0.006 -0.012 0.350 0.005 -0.011 0.006
2682 0.006 -0.012 0.350 0.005 -0.011 0.006
2692 0.006 -0.012 0.350 0.005 -0.012 0.006
2702 0.006 -0.012 0.350 0.005 -0.011 0.006
2712 0.006 -0.012 0.350 0.007 -0.012 0.007
2722 0.006 -0.012 0.350 0.007 -0.013 0.007
2732 0.006 -0.012 0.350 0.007 -0.012 0.007
2742 0.006 -0.012 0.350 0.006 -0.012 0.006
2751 0.006 -0.012 0.350 0.006 -0.011 0.006
2761 0.006 -0.012 0.350 0.006 -0.012 0.006
2771 0.006 -0.012 0.350 0.006 -0.012 0.006
2780 0.006 -0.012 0.350 0.006 -0.012 0.006
2790 0.006 -0.012 0.350 0.006 -0.012 0.006
2800 0.006 -0.012 0.350 0.006 -0.012 0.006
2810 0.006 -0.012 0.350 0.006 -0.011 0.006
2820 0.006 -0.012 0.350 0.006 -0.011 0.006
2830 0.006 -0.012 0.350 0.006 -0.012 0.006
2840 0.006 -0.012 0.350 0.006 -0.011 0.006
2849 0.006 -0.012 0.350 0.006 -0.011 0.006
2858 0.006 -0.012 0.350 0.006 -0.011 0.006
2868 0.006 -0.012 0.350 0.006 -0.011 0.006
2878 0.006 -0.012 0.350 0.006 -0.012 0.006
2888 0.006 -0.012 0.350 0.006 -0.012 0.006
2898 0.006 -0.012 0.350 0.005 -0.010 0.007
2908 0.006 -0.012 0.350 0.005 -0.010 0.007
2918 0.006 -0.012 0.350 0.005 -0.010 0.006
2928 0.006 -0.012 0.350 0.005 -0.010 0.007
2938 0.006 -0.012 0.350 0.007 -0.010 0.007
2966 0.006 -0.012 0.350 0.005 -0.011 0.010
2976 0.006 -0.012 0.350 0.004 -0.010 0.011
2985 0.006 -0.012 0.350 0.004 -0.009 0.013
2995 0.006 -0.012 0.350 0.004 -0.008 0.015
3004 0.006 -0.012 0.350 0.004 -0.006 0.017
3014 0.006 -0.012 0.350 0.004 -0.006 0.019
3024 0.006 -0.012 0.350 0.003 -0.006 0.023
3034 0.006 -0.012 0.350 0.003 -0.006 0.023
3043 0.006 -0.012 0.350 0.002 -0.007 0.025
3053 0.006 -0.012 0.350 0.003 -0.005 0.029
3063 0.006 -0.012 0.350 0.003 -0.005 0.032
3073 0.006 -0.012 0.350 0.003 -0.004 0.037
3083 0.006 -0.012 0.350 0.003 -0.005 0.041
3093 0.006 -0.012 0.350 0.002 -0.005 0.045
3103 0.006 -0.012 0.350 0.001 -0.002 0.050
3112 0.006 -0.012 0.350 0.001 -0.002 0.055
3121 0.006 -0.012 0.350 0.001 0.000 0.060
3131 0.006 -0.012 0.350 0.002 0.002 0.065
3140 0.006 -0.012 0.350 0.002 0.002 0.065
3149 0.006 -0.012 0.350 0.002 0.002 0.065
3159 0.006 -0.012 0.350 0.002 0.002 0.065
3169 0.006 -0.012 0.350 0.002 0.002 0.065
3179 0.006 -0.012 0.350 -0.001 0.007 0.092
3189 0.006 -0.012 0.350 -0.002 0.007 0.097
3199 0.006 -0.012 0.350 -0.002 0.009 0.102
3209 0.006 -0.012 0.350 -0.003 0.010 0.107
3218 0.006 -0.012 0.350 -0.003 0.009 0.114
3228 0.006 -0.012 0.350 -0.005 0.011 0.119
3237 0.006 -0.012 0.350 -0.005 0.013 0.124
3246 0.006 -0.012 0.350 -0.006 0.014 0.129
3263 0.006 -0.012 0.350 -0.007 0.015 0.134
3273 0.006 -0.012 0.350 -0.008 0.017 0.139
3283 0.006 -0.012 0.350 -0.008 0.017 0.144
3293 0.006 -0.012 0.350 -0.010 0.018 0.149
3303 0.006 -0.012 0.350 -0.010 0.020 0.154
3313 0.006 -0.012 0.350 -0.011 0.021 0.158
3323 0.006 -0.012 0.350 -0.012 0.022 0.163
3332 0.006 -0.012 0.350 -0.013 0.024 0.167
3341 0.006 -0.012 0.350 -0.014 0.025 0.171
3351 0.006 -0.012 0.350 -0.015 0.026 0.176
3361 0.006 -0.012 0.350 -0.015 0.027 0.179
3370 0.006 -0.012 0.350 -0.016 0.028 0.183
3380 0.006 -0.012 0.350 -0.017 0.029 0.187
3390 0.006 -0.012 0.350 -0.018 0.029 0.191
3399 0.006 -0.012 0.350 -0.018 0.031 0.194
3409 0.006 -0.012 0.350 -0.019 0.031 0.198
3419 0.006 -0.012 0.350 -0.020 0.032 0.201
3429 0.006 -0.012 0.350 -0.021 0.033 0.205
3439 0.006 -0.012 0.350 -0.022 0.033 0.208
3449 0.006 -0.012 0.350 -0.022 0.034 0.211
3459 0.006 -0.012 0.350 -0.023 0.035 0.214
3469 0.006 -0.012 0.350 -0.023 0.035 0.217
3479 0.006 -0.012 0.350 -0.023 0.036 0.219
3623 0.006 -0.012 0.350 -0.029 0.037 0.249
3651 0.006 -0.012 0.350 -0.029 0.037 0.254
3660 0.006 -0.012 0.350 -0.029 0.037 0.255
3670 0.006 -0.012 0.350 -0.030 0.035 0.257
3680 0.006 -0.012 0.350 -0.030 0.037 0.258
3690 0.006 -0.012 0.350 -0.030 0.036 0.260
3700 0.006 -0.012 0.350 -0.030 0.035 0.261
3710 0.006 -0.012 0.350 -0.029 0.035 0.262
3720 0.006 -0.012 0.350 -0.029 0.034 0.264
3730 0.006 -0.012 0.350 -0.030 0.034 0.265
3740 0.006 -0.012 0.350 -0.029 0.033 0.266
3765 0.006 -0.012 0.350 -0.028 0.030 0.271
3775 0.006 -0.012 0.350 -0.028 0.030 0.271
3784 0.006 -0.012 0.350 -0.029 0.030 0.273
3794 0.006 -0.012 0.350 -0.028 0.029 0.274
3804 0.006 -0.012 0.350 -0.028 0.029 0.274
3814 0.006 -0.012 0.350 -0.028 0.028 0.277
3824 0.006 -0.012 0.350 -0.028 0.027 0.278
3834 0.006 -0.012 0.350 -0.027 0.026 0.279
3844 0.006 -0.012 0.350 -0.027 0.024 0.281
3854 0.006 -0.012 0.350 -0.027 0.024 0.281
3864 0.006 -0.012 0.350 -0.027 0.023 0.283
3874 0.006 -0.012 0.350 -0.026 0.022 0.285
3883 0.006 -0.012 0.350 -0.026 0.022 0.285
3893 0.006 -0.012 0.350 -0.026 0.022 0.286
3903 0.006 -0.012 0.350 -0.025 0.021 0.287
3946 0.006 -0.012 0.350 -0.023 0.016 0.294
3956 0.006 -0.012 0.350 -0.023 0.015 0.295
3965 0.006 -0.012 0.350 -0.023 0.015 0.296
3974 0.006 -0.012 0.350 -0.022 0.013 0.297
3984 0.006 -0.012 0.350 -0.022 0.013 0.298
3994 0.006 -0.012 0.350 -0.021 0.012 0.299
4013 0.006 -0.012 0.350 -0.021 0.012 0.300
4023 0.006 -0.012 0.350 -0.021 0.010 0.302
4033 0.006 -0.012 0.350 -0.020 0.009 0.303
4043 0.006 -0.012 0.350 -0.019 0.009 0.304
4053 0.006 -0.012 0.350 -0.019 0.009 0.305
4063 0.006 -0.012 0.350 -0.019 0.007 0.306
4073 0.006 -0.012 0.350 -0.017 0.007 0.307
4083 0.006 -0.012 0.350 -0.017 0.007 0.308
4092 0.006 -0.012 0.350 -0.017 0.006 0.309
4102 0.006 -0.012 0.350 -0.016 0.005 0.310
4112 0.006 -0.012 0.350 -0.017 0.004 0.311
4122 0.006 -0.012 0.350 -0.015 0.003 0.312
4132 0.006 -0.012 0.350 -0.015 0.002 0.313
4142 0.006 -0.012 0.350 -0.015 0.002 0.314
4152 0.006 -0.012 0.350 -0.013 0.002 0.315
4162 0.006 -0.012 0.350 -0.013 0.002 0.316
4172 0.006 -0.012 0.350 -0.012 0.000 0.317
4182 0.006 -0.012 0.350 -0.012 0.001 0.317
4191 0.006 -0.012 0.350 -0.011 0.000 0.318
4201 0.006 -0.012 0.350 -0.010 -0.001 0.319
4257 0.006 -0.012 0.350 -0.007 -0.002 0.324
4266 0.006 -0.012 0.350 -0.007 -0.002 0.324
4276 0.006 -0.012 0.350 -0.007 -0.002 0.325
4286 0.006 -0.012 0.350 -0.006 -0.002 0.326
4296 0.006 -0.012 0.350 -0.005 -0.002 0.326
4306 0.006 -0.012 0.350 -0.005 -0.003 0.327
4316 0.006 -0.012 0.350 -0.004 -0.003 0.328
4326 0.006 -0.012 0.350 -0.004 -0.003 0.328
4336 0.006 -0.012 0.350 -0.003 -0.003 0.329
4346 0.006 -0.012 0.350 -0.003 -0.004 0.330
4356 0.006 -0.012 0.350 -0.002 -0.003 0.331
4365 0.006 -0.012 0.350 -0.002 -0.003 0.331
4375 0.006 -0.012 0.350 -0.001 -0.003 0.332
4385 0.006 -0.012 0.350 -0.001 -0.004 0.333
4395 0.006 -0.012 0.350 -0.001 -0.004 0.333
4405 0.006 -0.012 0.350 0.000 -0.003 0.334
4415 0.006 -0.012 0.350 0.001 -0.003 0.334
4425 0.006 -0.012 0.350 0.002 -0.003 0.335
4435 0.006 -0.012 0.350 0.002 -0.003 0.336
4444 0.006 -0.012 0.350 0.002 -0.003 0.336
4454 0.006 -0.012 0.350 0.002 -0.003 0.337
4464 0.006 -0.012 0.350 0.003 -0.002 0.337
4473 0.006 -0.012 0.350 0.003 -0.002 0.337
4483 0.006 -0.012 0.350 0.004 -0.003 0.339
4492 0.006 -0.012 0.350 0.004 -0.003 0.339
4504 0.006 -0.012 0.350 0.005 -0.002 0.340
4574 0.006 -0.012 0.350 0.007 -0.002 0.344
4584 0.006 -0.012 0.350 0.008 -0.002 0.344
4594 0.006 -0.012 0.350 0.008 -0.002 0.345
4604 0.006 -0.012 0.350 0.007 -0.002 0.346
4613 0.006 -0.012 0.350 0.007 -0.002 0.346
4623 0.006 -0.012 0.350 0.008 -0.002 0.346
4632 0.006 -0.012 0.350 0.009 -0.002 0.347
4642 0.006 -0.012 0.350 0.009 -0.002 0.348
4652 0.006 -0.012 0.350 0.010 -0.002 0.348
4662 0.006 -0.012 0.350 0.010 -0.003 0.349
4671 0.006 -0.012 0.350 0.010 -0.001 0.349
4680 0.006 -0.012 0.350 0.010 -0.001 0.350
4690 0.006 -0.012 0.350 0.010 -0.000 0.350
4700 0.006 -0.012 0.350 0.010 -0.000 0.350
4710 0.006 -0.012 0.350 0.011 0.000 0.350
4720 0.006 -0.012 0.350 0.011 -0.001 0.351
4730 0.006 -0.012 0.350 0.011 0.000 0.351
4740 0.006 -0.012 0.350 0.011 0.000 0.352
4750 0.006 -0.012 0.350 0.011 0.000 0.352
4760 0.006 -0.012 0.350 0.011 0.000 0.353
4770 0.006 -0.012 0.350 0.012 -0.001 0.354
4780 0.006 -0.012 0.350 0.012 -0.000 0.354
4790 0.006 -0.012 0.350 0.012 -0.000 0.355
4800 0.006 -0.012 0.350 0.012 0.000 0.355
4810 0.006 -0.012 0.350 0.012 0.001 0.355
4820 0.006 -0.012 0.350 0.012 0.000 0.356
4830 0.006 -0.012 0.350 0.012 0.000 0.356
4891 0.006 -0.012 0.350 0.013 0.000 0.359
4901 0.006 -0.012 0.350 0.012 -0.000 0.359
4910 0.006 -0.012 0.350 0.013 0.000 0.359
4920 0.006 -0.012 0.350 0.013 0.000 0.360
4930 0.006 -0.012 0.350 0.014 -0.001 0.360
4940 0.006 -0.012 0.350 0.013 -0.001 0.361
4950 0.006 -0.012 0.350 0.014 -0.002 0.362
4960 0.006 -0.012 0.350 0.013 -0.002 0.362
4970 0.006 -0.012 0.350 0.013 -0.002 0.362
4980 0.006 -0.012 0.350 0.013 -0.002 0.363
4990 0.006 -0.012 0.350 0.013 -0.002 0.363
5002 0.006 -0.012 0.350 0.013 -0.002 0.363
5011 0.006 -0.012 0.350 0.013 -0.002 0.364
5021 0.006 -0.012 0.350 0.013 -0.002 0.364
5031 0.006 -0.012 0.350 0.013 -0.001 0.364
5041 0.006 -0.012 0.350 0.013 -0.003 0.365
5051 0.006 -0.012 0.350 0.013 -0.003 0.365
5061 0.006 -0.012 0.350 0.013 -0.002 0.365
5071 0.006 -0.012 0.350 0.013 -0.002 0.366
5080 0.006 -0.012 0.350 0.013 -0.002 0.366
5090 0.006 -0.012 0.350 0.013 -0.003 0.366
5100 0.006 -0.012 0.350 0.013 -0.003 0.367
5110 0.006 -0.012 0.350 0.013 -0.003 0.367
5120 0.006 -0.012 0.350 0.012 -0.003 0.367
5130 1.013 -0.004 0.368 0.013 -0.004 0.368
5140 1.013 -0.004 0.368 0.013 -0.004 0.368
5190 1.013 -0.004 0.368 0.013 -0.006 0.370
5200 1.013 -0.004 0.368 0.013 -0.005 0.370
5209 1.013 -0.004 0.368 0.013 -0.005 0.370
5219 1.013 -0.004 0.368 0.012 -0.005 0.370
5229 1.013 -0.004 0.368 0.013 -0.006 0.371
5239 1.013 -0.004 0.368 0.012 -0.007 0.371
5248 1.013 -0.004 0.368 0.012 -0.007 0.372
5258 1.013 -0.004 0.368 0.012 -0.006 0.372
5268 1.013 -0.004 0.368 0.012 -0.007 0.372
5278 1.013 -0.004 0.368 0.013 -0.007 0.372
5288 1.013 -0.004 0.368 0.013 -0.007 0.372
5298 1.013 -0.004 0.368 0.013 -0.007 0.373
5308 1.013 -0.004 0.368 0.012 -0.008 0.373
5317 1.013 -0.004 0.368 0.012 -0.008 0.373
5327 1.013 -0.004 0.368 0.012 -0.008 0.374
5337 1.013 -0.004 0.368 0.012 -0.007 0.373
5346 1.013 -0.004 0.368 0.012 -0.008 0.374
5356 1.013 -0.004 0.368 0.012 -0.008 0.374
5366 1.013 -0.004 0.368 0.012 -0.009 0.375
5376 1.013 -0.004 0.368 0.013 -0.010 0.375
5386 1.013 -0.004 0.368 0.013 -0.010 0.375
5396 1.013 -0.004 0.368 0.014 -0.010 0.376
5406 1.013 -0.004 0.368 0.015 -0.011 0.376
5416 1.013 -0.004 0.368 0.017 -0.011 0.376
5425 1.013 -0.004 0.368 0.018 -0.011 0.377
5434 1.013 -0.004 0.368 0.019 -0.011 0.377
5444 1.013 -0.004 0.368 0.021 -0.011 0.377
5454 1.013 -0.004 0.368 0.024 -0.011 0.377
5464 1.013 -0.004 0.368 0.027 -0.011 0.377
5474 1.013 -0.004 0.368 0.029 -0.011 0.377
5484 1.013 -0.004 0.368 0.033 -0.011 0.377
5494 1.013 -0.004 0.368 0.033 -0.011 0.377
5504 1.013 -0.004 0.368 0.041 -0.012 0.377
5514 1.013 -0.004 0.368 0.041 -0.012 0.377
5523 1.013 -0.004 0.368 0.045 -0.012 0.377
5533 1.013 -0.004 0.368 0.050 -0.012 0.377
5543 1.013 -0.004 0.368 0.055 -0.012 0.376
5553 1.013 -0.004 0.368 0.059 -0.013 0.377
5563 1.013 -0.004 0.368 0.065 -0.014 0.376
5573 1.013 -0.004 0.368 0.071 -0.014 0.376
5582 1.013 -0.004 0.368 0.077 -0.014 0.376
5592 1.013 -0.004 0.368 0.083 -0.015 0.376
5602 1.013 -0.004 0.368 0.090 -0.016 0.375
5612 1.013 -0.004 0.368 0.097 -0.016 0.375
5622 1.013 -0.004 0.368 0.104 -0.016 0.375
5632 1.013 -0.004 0.368 0.111 -0.016 0.374
5642 1.013 -0.004 0.368 0.118 -0.016 0.374
5651 1.013 -0.004 0.368 0.127 -0.017 0.374
5661 1.013 -0.004 0.368 0.134 -0.016 0.373
5671 1.013 -0.004 0.368 0.143 -0.017 0.373
5681 1.013 -0.004 0.368 0.152 -0.019 0.373
5691 1.013 -0.004 0.368 0.161 -0.019 0.373
5764 1.013 -0.004 0.368 0.237 -0.023 0.373
5797 1.013 -0.004 0.368 0.268 -0.024 0.374
5807 1.013 -0.004 0.368 0.279 -0.026 0.375
5817 1.013 -0.004 0.368 0.290 -0.027 0.375
5827 1.013 -0.004 0.368 0.300 -0.026 0.376
5837 1.013 -0.004 0.368 0.309 -0.026 0.376
5847 1.013 -0.004 0.368 0.320 -0.027 0.377
5857 1.013 -0.004 0.368 0.331 -0.028 0.377
5867 1.013 -0.004 0.368 0.341 -0.027 0.378
5877 1.013 -0.004 0.368 0.351 -0.028 0.378
5887 1.013 -0.004 0.368 0.362 -0.029 0.379
5896 1.013 -0.004 0.368 0.373 -0.029 0.380
5905 1.013 -0.004 0.368 0.383 -0.030 0.380
5915 1.013 -0.004 0.368 0.394 -0.030 0.381
5925 1.013 -0.004 0.368 0.394 -0.030 0.381
5935 1.013 -0.004 0.368 0.415 -0.030 0.383
5945 1.013 -0.004 0.368 0.425 -0.031 0.383
5955 1.013 -0.004 0.368 0.436 -0.032 0.384
5964 1.013 -0.004 0.368 0.446 -0.032 0.385
5974 1.013 -0.004 0.368 0.456 -0.031 0.386
5984 1.013 -0.004 0.368 0.467 -0.032 0.387
5994 1.013 -0.004 0.368 0.467 -0.032 0.387
6004 1.013 -0.004 0.368 0.477 -0.033 0.387
6014 1.013 -0.004 0.368 0.497 -0.033 0.389
6131 1.013 -0.004 0.368 0.606 -0.034 0.396
6141 1.013 -0.004 0.368 0.615 -0.034 0.397
6151 1.013 -0.004 0.368 0.624 -0.035 0.397
6161 1.013 -0.004 0.368 0.633 -0.034 0.398
6171 1.013 -0.004 0.368 0.643 -0.035 0.398
6181 1.013 -0.004 0.368 0.651 -0.035 0.399
6191 1.013 -0.004 0.368 0.660 -0.034 0.399
6201 1.013 -0.004 0.368 0.669 -0.034 0.400
6211 1.013 -0.004 0.368 0.678 -0.034 0.400
6221 1.013 -0.004 0.368 0.686 -0.034 0.401
6231 1.013 -0.004 0.368 0.695 -0.034 0.401
6240 1.013 -0.004 0.368 0.703 -0.034 0.401
6282 1.013 -0.004 0.368 0.735 -0.034 0.402
6292 1.013 -0.004 0.368 0.742 -0.034 0.402
6302 1.013 -0.004 0.368 0.749 -0.033 0.403
6312 1.013 -0.004 0.368 0.757 -0.034 0.403
6322 1.013 -0.004 0.368 0.764 -0.034 0.403
6332 1.013 -0.004 0.368 0.771 -0.033 0.403
6341 1.013 -0.004 0.368 0.778 -0.034 0.403
6350 1.013 -0.004 0.368 0.785 -0.033 0.403
6360 1.013 -0.004 0.368 0.791 -0.033 0.403
6370 1.013 -0.004 0.368 0.798 -0.033 0.403
6379 1.013 -0.004 0.368 0.804 -0.033 0.403
6394 1.013 -0.004 0.368 0.817 -0.033 0.403
6404 1.013 -0.004 0.368 0.823 -0.033 0.403
6413 1.013 -0.004 0.368 0.823 -0.033 0.403
6422 1.013 -0.004 0.368 0.829 -0.033 0.403
6432 1.013 -0.004 0.368 0.835 -0.033 0.403
6441 1.013 -0.004 0.368 0.840 -0.034 0.403
6451 1.013 -0.004 0.368 0.846 -0.034 0.403
6461 1.013 -0.004 0.368 0.851 -0.032 0.403
6471 1.013 -0.004 0.368 0.857 -0.032 0.403
6480 1.013 -0.004 0.368 0.862 -0.031 0.403
6490 1.013 -0.004 0.368 0.867 -0.032 0.403
6500 1.013 -0.004 0.368 0.872 -0.032 0.403
6509 1.013 -0.004 0.368 0.877 -0.031 0.403
6519 1.013 -0.004 0.368 0.881 -0.031 0.403
6529 1.013 -0.004 0.368 0.886 -0.031 0.403
6538 1.013 -0.004 0.368 0.890 -0.030 0.403
6548 1.013 -0.004 0.368 0.895 -0.030 0.403
6557 1.013 -0.004 0.368 0.899 -0.031 0.403
6567 1.013 -0.004 0.368 0.904 -0.030 0.404
6576 1.013 -0.004 0.368 0.908 -0.030 0.404
6586 1.013 -0.004 0.368 0.912 -0.030 0.404
6595 1.013 -0.004 0.368 0.916 -0.029 0.404
6605 1.013 -0.004 0.368 0.919 -0.029 0.404
6615 1.013 -0.004 0.368 0.923 -0.028 0.404
6624 1.013 -0.004 0.368 0.926 -0.028 0.404
6633 1.013 -0.004 0.368 0.926 -0.028 0.404
6642 1.013 -0.004 0.368 0.930 -0.028 0.404
6664 1.013 -0.004 0.368 0.940 -0.027 0.405
6674 1.013 -0.004 0.368 0.943 -0.026 0.405
6684 1.013 -0.004 0.368 0.946 -0.027 0.405
6694 1.013 -0.004 0.368 0.949 -0.026 0.405
6703 1.013 -0.004 0.368 0.949 -0.026 0.405
6712 1.013 -0.004 0.368 0.952 -0.026 0.405
6722 1.013 -0.004 0.368 0.955 -0.027 0.405
6731 1.013 -0.004 0.368 0.958 -0.026 0.405
6741 1.013 -0.004 0.368 0.961 -0.025 0.406
6750 1.013 -0.004 0.368 0.963 -0.024 0.406
6760 1.013 -0.004 0.368 0.966 -0.024 0.406
6769 1.013 -0.004 0.368 0.969 -0.024 0.406
6779 1.013 -0.004 0.368 0.972 -0.024 0.406
6788 1.013 -0.004 0.368 0.974 -0.024 0.406
6797 1.013 -0.004 0.368 0.976 -0.023 0.406
6807 1.013 -0.004 0.368 0.979 -0.023 0.406
6817 1.013 -0.004 0.368 0.981 -0.022 0.406
6827 1.013 -0.004 0.368 0.983 -0.022 0.407
6836 1.013 -0.004 0.368 0.986 -0.020 0.408
6846 1.013 -0.004 0.368 0.988 -0.021 0.408
6855 1.013 -0.004 0.368 0.990 -0.022 0.408
6864 1.013 -0.004 0.368 0.992 -0.019 0.408
6873 1.013 -0.004 0.368 0.992 -0.019 0.408
6883 1.013 -0.004 0.368 0.997 -0.018 0.409
6893 1.013 -0.004 0.368 0.997 -0.018 0.409
6903 1.013 -0.004 0.368 0.998 -0.020 0.409
6913 1.013 -0.004 0.368 1.001 -0.019 0.409
6922 1.013 -0.004 0.368 1.003 -0.019 0.409
6932 1.013 -0.004 0.368 1.005 -0.018 0.409
6942 1.013 -0.004 0.368 1.006 -0.017 0.410
6952 1.013 -0.004 0.368 1.009 -0.016 0.410
6961 1.013 -0.004 0.368 1.011 -0.016 0.411
6971 1.013 -0.004 0.368 1.013 -0.016 0.411
6981 1.013 -0.004 0.368 1.014 -0.015 0.411
6991 1.013 -0.004 0.368 1.016 -0.015 0.411
7001 1.013 -0.004 0.368 1.018 -0.014 0.411
7011 1.013 -0.004 0.368 1.020 -0.014 0.412
7021 1.013 -0.004 0.368 1.022 -0.014 0.412
7031 1.013 -0.004 0.368 1.023 -0.014 0.412
7041 1.013 -0.004 0.368 1.025 -0.014 0.412
7050 1.013 -0.004 0.368 1.027 -0.013 0.412
7059 1.013 -0.004 0.368 1.029 -0.013 0.413
7068 1.013 -0.004 0.368 1.031 -0.014 0.413
7077 1.013 -0.004 0.368 1.032 -0.013 0.413
7086 1.013 -0.004 0.368 1.034 -0.012 0.413
7095 1.013 -0.004 0.368 1.036 -0.012 0.413
7104 1.013 -0.004 0.368 1.037 -0.012 0.413
7114 1.013 -0.004 0.368 1.039 -0.011 0.413
7123 1.013 -0.004 0.368 1.039 -0.011 0.413
7133 1.013 -0.004 0.368 1.041 -0.012 0.414
7143 1.013 -0.004 0.368 1.042 -0.011 0.414
7153 1.013 -0.004 0.368 1.044 -0.011 0.414
7163 1.013 -0.004 0.368 1.045 -0.010 0.414
7173 1.013 -0.004 0.368 1.047 -0.010 0.414
7182 1.013 -0.004 0.368 1.048 -0.011 0.415
7192 1.013 -0.004 0.368 1.050 -0.010 0.415
7202 1.013 -0.004 0.368 1.052 -0.010 0.415
7212 1.013 -0.004 0.368 1.053 -0.010 0.415
7222 1.013 -0.004 0.368 1.054 -0.010 0.415
7232 1.013 -0.004 0.368 1.056 -0.009 0.415
7242 1.013 -0.004 0.368 1.057 -0.009 0.415
7252 1.013 -0.004 0.368 1.059 -0.009 0.415
7261 1.013 -0.004 0.368 1.060 -0.009 0.416
7270 1.013 -0.004 0.368 1.061 -0.009 0.415
7279 1.013 -0.004 0.368 1.063 -0.009 0.416
7289 1.013 -0.004 0.368 1.064 -0.008 0.416
7298 1.013 -0.004 0.368 1.065 -0.009 0.416
7308 1.013 -0.004 0.368 1.067 -0.010 0.416
7318 1.013 -0.004 0.368 1.068 -0.009 0.417
7327 1.013 -0.004 0.368 1.069 -0.008 0.416
7336 1.013 -0.004 0.368 1.069 -0.008 0.416
7345 1.013 -0.004 0.368 1.071 -0.008 0.416
7354 1.013 -0.004 0.368 1.073 -0.007 0.417
7363 1.013 -0.004 0.368 1.073 -0.007 0.417
7373 1.013 -0.004 0.368 1.073 -0.007 0.417
7382 1.013 -0.004 0.368 1.075 -0.009 0.417
7392 1.013 -0.004 0.368 1.076 -0.008 0.417
7402 1.013 -0.004 0.368 1.076 -0.007 0.417
7412 1.013 -0.004 0.368 1.078 -0.008 0.417
7422 1.013 -0.004 0.368 1.079 -0.007 0.418
7432 1.013 -0.004 0.368 1.080 -0.007 0.418
7442 1.013 -0.004 0.368 1.081 -0.007 0.418
7452 1.013 -0.004 0.368 1.081 -0.009 0.417
7462 1.013 -0.004 0.368 1.082 -0.008 0.417
7472 1.083 -0.008 0.917 1.083 -0.008 0.417
7482 1.083 -0.008 0.917 1.084 -0.008 0.417
7491 1.083 -0.008 0.917 1.085 -0.007 0.417
7501 1.083 -0.008 0.917 1.085 -0.007 0.417
7512 1.083 -0.008 0.917 1.086 -0.008 0.417
7522 1.083 -0.008 0.917 1.086 -0.008 0.417
7531 1.083 -0.008 0.917 1.087 -0.008 0.417
7540 1.083 -0.008 0.917 1.088 -0.008 0.418
7549 1.083 -0.008 0.917 1.088 -0.008 0.418
7559 1.083 -0.008 0.917 1.089 -0.007 0.418
7568 1.083 -0.008 0.917 1.089 -0.008 0.419
7577 1.083 -0.008 0.917 1.089 -0.008 0.420
7587 1.083 -0.008 0.917 1.090 -0.007 0.422
7597 1.083 -0.008 0.917 1.090 -0.008 0.422
7606 1.083 -0.008 0.917 1.090 -0.007 0.424
7615 1.083 -0.008 0.917 1.090 -0.008 0.426
7625 1.083 -0.008 0.917 1.091 -0.007 0.428
7635 1.083 -0.008 0.917 1.091 -0.007 0.431
7644 1.083 -0.008 0.917 1.091 -0.007 0.431
7653 1.083 -0.008 0.917 1.091 -0.007 0.434
7663 1.083 -0.008 0.917 1.091 -0.007 0.437
7672 1.083 -0.008 0.917 1.091 -0.007 0.440
7681 1.083 -0.008 0.917 1.091 -0.008 0.444
7695 1.083 -0.008 0.917 1.091 -0.006 0.454
7705 1.083 -0.008 0.917 1.091 -0.006 0.458
7715 1.083 -0.008 0.917 1.091 -0.007 0.463
7725 1.083 -0.008 0.917 1.091 -0.007 0.468
7734 1.083 -0.008 0.917 1.091 -0.007 0.474
7743 1.083 -0.008 0.917 1.091 -0.007 0.474
7752 1.083 -0.008 0.917 1.091 -0.007 0.480
7761 1.083 -0.008 0.917 1.091 -0.007 0.486
7770 1.083 -0.008 0.917 1.090 -0.005 0.493
7779 1.083 -0.008 0.917 1.090 -0.006 0.500
7789 1.083 -0.008 0.917 1.090 -0.006 0.507
7799 1.083 -0.008 0.917 1.090 -0.005 0.515
7808 1.083 -0.008 0.917 1.090 -0.004 0.523
7818 1.083 -0.008 0.917 1.090 -0.005 0.531
7828 1.083 -0.008 0.917 1.089 -0.004 0.539
7838 1.083 -0.008 0.917 1.089 -0.003 0.548
7848 1.083 -0.008 0.917 1.089 -0.003 0.557
7858 1.083 -0.008 0.917 1.088 -0.002 0.565
7868 1.083 -0.008 0.917 1.088 -0.001 0.574
7877 1.083 -0.008 0.917 1.088 -0.001 0.584
7887 1.083 -0.008 0.917 1.087 0.000 0.593
7896 1.083 -0.008 0.917 1.088 0.001 0.604
7906 1.083 -0.008 0.917 1.087 0.003 0.613
7916 1.083 -0.008 0.917 1.087 0.003 0.623
7925 1.083 -0.008 0.917 1.087 0.004 0.633
7934 1.083 -0.008 0.917 1.087 0.003 0.643
7944 1.083 -0.008 0.917 1.087 0.003 0.643
7960 1.083 -0.008 0.917 1.087 0.003 0.663
7969 1.083 -0.008 0.917 1.087 0.005 0.673
7978 1.083 -0.008 0.917 1.087 0.006 0.682
7987 1.083 -0.008 0.917 1.087 0.007 0.692
7997 1.083 -0.008 0.917 1.088 0.007 0.702
8006 1.083 -0.008 0.917 1.088 0.008 0.712
8015 1.083 -0.008 0.917 1.089 0.009 0.721
8024 1.083 -0.008 0.917 1.088 0.008 0.731
8034 1.083 -0.008 0.917 1.089 0.009 0.740
8043 1.083 -0.008 0.917 1.089 0.009 0.740
8052 1.083 -0.008 0.917 1.090 0.009 0.749
8061 1.083 -0.008 0.917 1.090 0.009 0.759
8070 1.083 -0.008 0.917 1.091 0.009 0.768
8079 1.083 -0.008 0.917 1.092 0.009 0.777
8089 1.083 -0.008 0.917 1.093 0.009 0.785
8098 1.083 -0.008 0.917 1.093 0.009 0.794
8108 1.083 -0.008 0.917 1.094 0.009 0.802
8117 1.083 -0.008 0.917 1.095 0.009 0.810
8126 1.083 -0.008 0.917 1.096 0.008 0.818
8135 1.083 -0.008 0.917 1.097 0.008 0.826
8144 1.083 -0.008 0.917 1.098 0.008 0.834
8153 1.083 -0.008 0.917 1.098 0.008 0.834
8163 1.083 -0.008 0.917 1.100 0.006 0.848
8173 1.083 -0.008 0.917 1.100 0.006 0.848
8183 1.083 -0.008 0.917 1.101 0.005 0.855
8193 1.083 -0.008 0.917 1.102 0.006 0.862
8202 1.083 -0.008 0.917 1.103 0.005 0.869
8211 1.083 -0.008 0.917 1.104 0.005 0.874
8230 1.083 -0.008 0.917 1.106 0.003 0.886
8240 1.083 -0.008 0.917 1.107 0.003 0.893
8249 1.083 -0.008 0.917 1.108 0.002 0.898
8258 1.083 -0.008 0.917 1.109 0.001 0.904
8268 1.083 -0.008 0.917 1.110 0.000 0.908
8278 1.083 -0.008 0.917 1.112 -0.001 0.913
8288 1.083 -0.008 0.917 1.112 -0.002 0.918
8297 1.083 -0.008 0.917 1.114 -0.002 0.923
8307 1.083 -0.008 0.917 1.115 -0.004 0.927
8316 1.083 -0.008 0.917 1.116 -0.004 0.931
8326 1.083 -0.008 0.917 1.117 -0.005 0.935
8335 1.083 -0.008 0.917 1.117 -0.006 0.939
8345 1.083 -0.008 0.917 1.118 -0.007 0.943
8354 1.083 -0.008 0.917 1.118 -0.007 0.943
8363 1.083 -0.008 0.917 1.120 -0.008 0.950
8373 1.083 -0.008 0.917 1.121 -0.009 0.953
8383 1.083 -0.008 0.917 1.121 -0.009 0.953
8393 1.083 -0.008 0.917 1.123 -0.011 0.959
8402 1.083 -0.008 0.917 1.123 -0.011 0.959
8412 1.083 -0.008 0.917 1.124 -0.012 0.962
8422 1.083 -0.008 0.917 1.125 -0.013 0.965
8432 1.083 -0.008 0.917 1.126 -0.014 0.968
8442 1.083 -0.008 0.917 1.127 -0.015 0.970
8452 1.083 -0.008 0.917 1.127 -0.016 0.973
8461 1.083 -0.008 0.917 1.128 -0.016 0.975
8470 1.083 -0.008 0.917 1.129 -0.018 0.977
8480 1.083 -0.008 0.917 1.130 -0.018 0.980
8489 1.083 -0.008 0.917 1.130 -0.020 0.981
8499 1.083 -0.008 0.917 1.131 -0.021 0.983
8509 1.083 -0.008 0.917 1.131 -0.021 0.985
8518 1.083 -0.008 0.917 1.132 -0.022 0.987
8528 1.083 -0.008 0.917 1.132 -0.023 0.988
8537 1.083 -0.008 0.917 1.133 -0.024 0.990
8546 1.083 -0.008 0.917 1.133 -0.025 0.991
8555 1.083 -0.008 0.917 1.134 -0.025 0.993
8564 1.083 -0.008 0.917 1.134 -0.025 0.993
8573 1.083 -0.008 0.917 1.134 -0.026 0.996
8583 1.083 -0.008 0.917 1.134 -0.026 0.996
8592 1.083 -0.008 0.917 1.135 -0.027 0.997
8602 1.083 -0.008 0.917 1.135 -0.027 0.998
8612 1.083 -0.008 0.917 1.135 -0.028 0.999
8622 1.083 -0.008 0.917 1.135 -0.027 1.000
8632 1.083 -0.008 0.917 1.135 -0.029 1.001
8642 1.083 -0.008 0.917 1.135 -0.029 1.002
8652 1.083 -0.008 0.917 1.135 -0.028 1.003
8662 1.083 -0.008 0.917 1.136 -0.030 1.004
8672 1.083 -0.008 0.917 1.135 -0.030 1.005
8682 1.083 -0.008 0.917 1.135 -0.030 1.005
8692 1.083 -0.008 0.917 1.135 -0.030 1.006
8702 1.083 -0.008 0.917 1.135 -0.031 1.007
8711 1.083 -0.008 0.917 1.135 -0.030 1.008
8721 1.083 -0.008 0.917 1.135 -0.031 1.009
8731 1.083 -0.008 0.917 1.134 -0.031 1.009
8748 1.083 -0.008 0.917 1.134 -0.031 1.010
8757 1.083 -0.008 0.917 1.133 -0.030 1.011
8767 1.083 -0.008 0.917 1.133 -0.029 1.012
8776 1.083 -0.008 0.917 1.133 -0.030 1.012
8785 1.083 -0.008 0.917 1.132 -0.030 1.013
8794 1.083 -0.008 0.917 1.132 -0.029 1.013
8803 1.083 -0.008 0.917 1.131 -0.029 1.014
8813 1.083 -0.008 0.917 1.131 -0.028 1.014
8823 1.083 -0.008 0.917 1.131 -0.028 1.014
8833 1.083 -0.008 0.917 1.130 -0.028 1.015
8842 1.083 -0.008 0.917 1.130 -0.028 1.015
8852 1.083 -0.008 0.917 1.129 -0.027 1.016
8862 1.083 -0.008 0.917 1.129 -0.027 1.016
8872 1.083 -0.008 0.917 1.128 -0.027 1.016
8881 1.083 -0.008 0.917 1.128 -0.026 1.017
8890 1.083 -0.008 0.917 1.127 -0.025 1.017
8899 1.083 -0.008 0.917 1.127 -0.025 1.017
8908 1.083 -0.008 0.917 1.126 -0.024 1.018
8917 1.083 -0.008 0.917 1.126 -0.023 1.018
8926 1.083 -0.008 0.917 1.125 -0.023 1.018
8935 1.083 -0.008 0.917 1.125 -0.022 1.019
8945 1.083 -0.008 0.917 1.124 -0.021 1.019
8955 1.083 -0.008 0.917 1.123 -0.020 1.019
8964 1.083 -0.008 0.917 1.123 -0.019 1.019
8974 1.083 -0.008 0.917 1.123 -0.019 1.019
8984 1.083 -0.008 0.917 1.122 -0.017 1.020
8993 1.083 -0.008 0.917 1.121 -0.017 1.020
9003 1.083 -0.008 0.917 1.121 -0.017 1.020
9012 1.083 -0.008 0.917 1.120 -0.016 1.020
9021 1.083 -0.008 0.917 1.120 -0.014 1.021
9030 1.083 -0.008 0.917 1.120 -0.014 1.021
9039 1.083 -0.008 0.917 1.119 -0.013 1.021
9048 1.083 -0.008 0.917 1.118 -0.012 1.021
9058 1.083 -0.008 0.917 1.118 -0.011 1.021
9068 1.083 -0.008 0.917 1.117 -0.010 1.021
9078 1.083 -0.008 0.917 1.117 -0.010 1.021
9087 1.083 -0.008 0.917 1.116 -0.009 1.021
9097 1.083 -0.008 0.917 1.116 -0.007 1.022
9107 1.083 -0.008 0.917 1.116 -0.007 1.022
9117 1.083 -0.008 0.917 1.115 -0.006 1.022
9127 1.083 -0.008 0.917 1.114 -0.004 1.022
9136 1.083 -0.008 0.917 1.114 -0.004 1.022
9145 1.083 -0.008 0.917 1.114 -0.003 1.022
9155 1.083 -0.008 0.917 1.114 -0.003 1.022
9165 1.083 -0.008 0.917 1.113 -0.002 1.022
9174 1.083 -0.008 0.917 1.113 -0.002 1.022
9184 1.083 -0.008 0.917 1.113 -0.001 1.022
9194 1.083 -0.008 0.917 1.112 0.001 1.022
9203 1.083 -0.008 0.917 1.112 0.001 1.022
9213 1.083 -0.008 0.917 1.112 0.001 1.022
9222 1.083 -0.008 0.917 1.111 0.002 1.022
9231 1.083 -0.008 0.917 1.111 0.003 1.022
9241 1.083 -0.008 0.917 1.111 0.003 1.022
9252 1.083 -0.008 0.917 1.111 0.004 1.022
9262 1.083 -0.008 0.917 1.110 0.005 1.022
9272 1.083 -0.008 0.917 1.110 0.005 1.022
9282 1.083 -0.008 0.917 1.110 0.006 1.022
9291 1.083 -0.008 0.917 1.110 0.007 1.022
9301 1.083 -0.008 0.917 1.109 0.007 1.022
9311 1.083 -0.008 0.917 1.109 0.008 1.022
9320 1.083 -0.008 0.917 1.109 0.008 1.022
9329 1.083 -0.008 0.917 1.109 0.009 1.021
9339 1.083 -0.008 0.917 1.109 0.009 1.021
9348 1.083 -0.008 0.917 1.109 0.010 1.021
9357 1.083 -0.008 0.917 1.109 0.010 1.021
9366 1.083 -0.008 0.917 1.108 0.011 1.021
9376 1.083 -0.008 0.917 1.108 0.012 1.021
9386 1.083 -0.008 0.917 1.108 0.011 1.021
9395 1.083 -0.008 0.917 1.108 0.012 1.021
9404 1.083 -0.008 0.917 1.108 0.012 1.021
9413 1.083 -0.008 0.917 1.108 0.012 1.020
9422 1.083 -0.008 0.917 1.108 0.012 1.020
9432 1.083 -0.008 0.917 1.108 0.012 1.020
9442 1.083 -0.008 0.917 1.107 0.012 1.020
9451 1.083 -0.008 0.917 1.107 0.013 1.020
9460 1.083 -0.008 0.917 1.107 0.013 1.020
9469 1.083 -0.008 0.917 1.107 0.014 1.020
9478 1.083 -0.008 0.917 1.107 0.014 1.019
9487 1.083 -0.008 0.917 1.107 0.014 1.019
9497 1.083 -0.008 0.917 1.107 0.014 1.019
9507 1.083 -0.008 0.917 1.106 0.013 1.019
9517 1.083 -0.008 0.917 1.106 0.014 1.018
9527 1.083 -0.008 0.917 1.106 0.014 1.018
9536 1.083 -0.008 0.917 1.106 0.015 1.018
9545 1.083 -0.008 0.917 1.106 0.014 1.018
9554 1.083 -0.008 0.917 1.106 0.014 1.018
9563 1.083 -0.008 0.917 1.106 0.014 1.018
9572 1.083 -0.008 0.917 1.106 0.014 1.018
9582 1.083 -0.008 0.917 1.105 0.014 1.017
9591 1.083 -0.008 0.917 1.105 0.015 1.017
9601 1.083 -0.008 0.917 1.105 0.014 1.017
9611 1.083 -0.008 0.917 1.104 0.014 1.017
9621 1.083 -0.008 0.917 1.104 0.014 1.016
9631 1.083 -0.008 0.917 1.104 0.014 1.016
9641 1.083 -0.008 0.917 1.104 0.014 1.016
9650 1.083 -0.008 0.917 1.104 0.013 1.015
9659 1.083 -0.008 0.917 1.104 0.013 1.015
9669 1.083 -0.008 0.917 1.103 0.013 1.015
9679 1.083 -0.008 0.917 1.103 0.013 1.014
9688 1.083 -0.008 0.917 1.103 0.013 1.014
9697 1.083 -0.008 0.917 1.103 0.012 1.014
9706 1.083 -0.008 0.917 1.102 0.012 1.013
9715 1.083 -0.008 0.917 1.101 0.012 1.013
9724 1.083 -0.008 0.917 1.101 0.012 1.013
9733 1.083 -0.008 0.917 1.101 0.012 1.013
9743 1.083 -0.008 0.917 1.101 0.011 1.012
9753 1.083 -0.008 0.917 1.101 0.011 1.012
9763 1.083 -0.008 0.917 1.101 0.011 1.012
9773 1.083 -0.008 0.917 1.101 0.011 1.011
9782 1.083 -0.008 0.917 1.100 0.011 1.011
9791 1.083 -0.008 0.917 1.100 0.011 1.011
9800 1.083 -0.008 0.917 1.100 0.011 1.010
9809 1.083 -0.008 0.917 1.099 0.011 1.010
9818 1.083 -0.008 0.917 1.099 0.011 1.010
9827 1.083 -0.008 0.917 1.099 0.010 1.009
9836 1.083 -0.008 0.917 1.098 0.010 1.009
9845 1.083 -0.008 0.917 1.098 0.010 1.009
9856 1.083 -0.008 0.917 1.098 0.010 1.008
9865 1.083 -0.008 0.917 1.097 0.010 1.008
9874 1.083 -0.008 0.917 1.097 0.009 1.008
9883 1.083 -0.008 0.917 1.097 0.009 1.008
9892 1.083 -0.008 0.917 1.097 0.009 1.007
9902 1.083 -0.008 0.917 1.096 0.009 1.007
9911 1.083 -0.008 0.917 1.096 0.008 1.006
9921 1.096 0.008 0.200 1.095 0.008 1.006
9930 1.096 0.008 0.200 1.095 0.008 1.006
9939 1.096 0.008 0.200 1.095 0.008 1.005
9948 1.096 0.008 0.200 1.094 0.008 1.005
9957 1.096 0.008 0.200 1.094 0.009 1.004
9967 1.096 0.008 0.200 1.094 0.009 1.004
9976 1.096 0.008 0.200 1.094 0.009 1.002
9985 1.096 0.008 0.200 1.093 0.008 1.001
9994 1.096 0.008 0.200 1.093 0.008 0.999
10003 1.096 0.008 0.200 1.093 0.008 0.999
10012 1.096 0.008 0.200 1.093 0.008 0.997
10021 1.096 0.008 0.200 1.092 0.008 0.994
10030 1.096 0.008 0.200 1.091 0.008 0.990
10040 1.096 0.008 0.200 1.091 0.008 0.986
10049 1.096 0.008 0.200 1.091 0.008 0.982
10058 1.096 0.008 0.200 1.091 0.008 0.977
10067 1.096 0.008 0.200 1.090 0.008 0.971
10076 1.096 0.008 0.200 1.090 0.008 0.965
10085 1.096 0.008 0.200 1.089 0.008 0.958
10094 1.096 0.008 0.200 1.089 0.008 0.950
10103 1.096 0.008 0.200 1.089 0.008 0.942
10113 1.096 0.008 0.200 1.089 0.008 0.942
10122 1.096 0.008 0.200 1.088 0.008 0.933
10131 1.096 0.008 0.200 1.088 0.007 0.923
10140 1.096 0.008 0.200 1.087 0.008 0.913
10149 1.096 0.008 0.200 1.088 0.007 0.902
10158 1.096 0.008 0.200 1.087 0.007 0.890
10167 1.096 0.008 0.200 1.087 0.007 0.877
10176 1.096 0.008 0.200 1.086 0.008 0.863
10186 1.096 0.008 0.200 1.086 0.007 0.849
10195 1.096 0.008 0.200 1.085 0.007 0.834
10204 1.096 0.008 0.200 1.085 0.007 0.818
10213 1.096 0.008 0.200 1.085 0.007 0.818
10222 1.096 0.008 0.200 1.085 0.007 0.801
10231 1.096 0.008 0.200 1.084 0.007 0.784
10240 1.096 0.008 0.200 1.084 0.007 0.765
10250 1.096 0.008 0.200 1.084 0.007 0.746
10259 1.096 0.008 0.200 1.083 0.007 0.726
10268 1.096 0.008 0.200 1.082 0.007 0.705
10277 1.096 0.008 0.200 1.083 0.006 0.684
10286 1.096 0.008 0.200 1.082 0.007 0.661
10295 1.096 0.008 0.200 1.082 0.007 0.638
10304 1.096 0.008 0.200 1.082 0.007 0.638
10313 1.096 0.008 0.200 1.081 0.007 0.614
10322 1.096 0.008 0.200 1.081 0.006 0.589
10332 1.096 0.008 0.200 1.080 0.006 0.563
10341 1.096 0.008 0.200 1.080 0.006 0.536
10350 1.096 0.008 0.200 1.079 0.006 0.509
10359 1.096 0.008 0.200 1.079 0.007 0.480
10368 1.096 0.008 0.200 1.078 0.006 0.451
10377 1.096 0.008 0.200 1.078 0.007 0.421
10386 1.096 0.008 0.200 1.078 0.006 0.390
10395 1.096 0.008 0.200 1.077 0.006 0.358
10404 1.096 0.008 0.200 1.077 0.006 0.325
10414 1.096 0.008 0.200 1.077 0.006 0.292
10423 1.096 0.008 0.200 1.077 0.006 0.292
10432 1.096 0.008 0.200 1.076 0.007 0.258
10441 1.096 0.008 0.200 1.076 0.006 0.223
10450 1.096 0.008 0.200 1.075 0.007 0.186
10459 1.096 0.008 0.200 1.075 0.007 0.150
10468 1.096 0.008 0.200 1.074 0.007 0.112
10477 1.096 0.008 0.200 1.073 0.007 0.074
10487 1.096 0.008 0.200 1.073 0.008 0.035
10496 1.096 0.008 0.200 1.071 0.021 0.002
10505 1.096 0.008 0.200 1.071 0.021 0.002
10514 1.096 0.008 0.200 1.073 0.013 0.028
10523 1.096 0.008 0.200 1.073 0.013 0.028
10532 1.096 0.008 0.200 1.069 0.007 0.040
10541 1.096 0.008 0.200 1.073 0.004 0.052
10551 1.096 0.008 0.200 1.070 0.010 0.066
10560 1.096 0.008 0.200 1.072 0.002 0.074
10569 1.096 0.008 0.200 1.073 0.006 0.087
10578 1.096 0.008 0.200 1.070 0.002 0.094
10587 1.096 0.008 0.200 1.073 0.001 0.101
10596 1.096 0.008 0.200 1.069 0.001 0.108
10605 1.096 0.008 0.200 1.070 -0.002 0.110
10614 1.096 0.008 0.200 1.070 -0.002 0.116
10623 1.096 0.008 0.200 1.069 -0.003 0.120
10633 1.096 0.008 0.200 1.069 -0.003 0.120
10642 1.096 0.008 0.200 1.070 -0.004 0.121
10651 1.096 0.008 0.200 1.068 -0.005 0.125
10660 1.096 0.008 0.200 1.069 -0.007 0.124
10669 1.096 0.008 0.200 1.069 -0.007 0.124
10678 1.096 0.008 0.200 1.068 -0.010 0.123
10687 1.096 0.008 0.200 1.068 -0.011 0.119
10696 1.096 0.008 0.200 1.068 -0.013 0.117
10705 1.096 0.008 0.200 1.068 -0.013 0.117
10715 1.096 0.008 0.200 1.068 -0.013 0.117
10724 1.096 0.008 0.200 1.068 -0.013 0.117
10733 1.096 0.008 0.200 1.068 -0.013 0.117
10742 1.096 0.008 0.200 1.068 -0.013 0.117
10751 1.096 0.008 0.200 1.068 -0.013 0.117
10760 1.096 0.008 0.200 1.068 -0.013 0.117
10769 1.096 0.008 0.200 1.068 -0.013 0.117
10778 1.096 0.008 0.200 1.068 -0.013 0.117
10788 1.096 0.008 0.200 1.068 -0.013 0.117
10797 1.096 0.008 0.200 1.068 -0.013 0.117
10806 1.096 0.008 0.200 1.057 -0.032 0.073
10815 1.096 0.008 0.200 1.055 -0.033 0.068
10824 1.096 0.008 0.200 1.055 -0.034 0.063
10834 1.096 0.008 0.200 1.053 -0.036 0.059
10843 1.096 0.008 0.200 1.053 -0.036 0.059
10852 1.096 0.008 0.200 1.050 -0.036 0.060
10861 1.096 0.008 0.200 1.048 -0.037 0.059
10870 1.096 0.008 0.200 1.046 -0.039 0.057
10879 1.096 0.008 0.200 1.043 -0.039 0.055
10888 1.096 0.008 0.200 1.041 -0.041 0.051
10897 1.096 0.008 0.200 1.039 -0.041 0.047
10907 1.096 0.008 0.200 1.038 -0.043 0.042
10916 1.096 0.008 0.200 1.036 -0.045 0.035
10925 1.096 0.008 0.200 1.034 -0.046 0.028
10934 1.096 0.008 0.200 1.029 -0.048 0.021
10943 1.096 0.008 0.200 1.029 -0.048 0.021
10952 1.096 0.008 0.200 1.029 -0.050 0.018
10961 1.096 0.008 0.200 1.027 -0.050 0.013
10970 1.096 0.008 0.200 1.025 -0.049 0.011
10979 1.096 0.008 0.200 1.024 -0.052 0.010
10989 1.096 0.008 0.200 1.022 -0.052 0.011
10998 1.096 0.008 0.200 1.021 -0.053 0.014
11007 1.096 0.008 0.200 1.021 -0.054 0.015
11016 1.096 0.008 0.200 1.021 -0.055 0.018
11025 1.096 0.008 0.200 1.021 -0.055 0.018
11034 1.096 0.008 0.200 1.020 -0.054 0.019
11043 1.096 0.008 0.200 1.020 -0.054 0.019
11052 1.096 0.008 0.200 1.021 -0.057 0.019
11062 1.096 0.008 0.200 1.021 -0.058 0.018
11071 1.096 0.008 0.200 1.021 -0.059 0.016
11080 1.096 0.008 0.200 1.021 -0.060 0.013
11089 1.096 0.008 0.200 1.020 -0.060 0.012
11098 1.096 0.008 0.200 1.020 -0.061 0.011
11107 1.096 0.008 0.200 1.020 -0.063 0.008
11116 1.096 0.008 0.200 1.020 -0.064 0.005
11125 1.096 0.008 0.200 1.021 -0.065 0.005
11135 1.096 0.008 0.200 1.020 -0.065 0.006
11144 1.096 0.008 0.200 1.019 -0.066 0.006
11153 1.096 0.008 0.200 1.019 -0.066 0.006
11162 1.096 0.008 0.200 1.019 -0.066 0.006
11171 1.096 0.008 0.200 1.020 -0.065 0.006
11180 1.096 0.008 0.200 1.020 -0.065 0.005
11189 1.096 0.008 0.200 1.020 -0.066 0.005
11198 1.096 0.008 0.200 1.019 -0.067 0.005
11207 1.096 0.008 0.200 1.019 -0.065 0.005
11217 1.096 0.008 0.200 1.020 -0.065 0.005
11226 1.096 0.008 0.200 1.020 -0.067 0.005
11235 1.096 0.008 0.200 1.020 -0.066 0.005
11244 1.096 0.008 0.200 1.020 -0.065 0.005
11253 1.096 0.008 0.200 1.020 -0.065 0.005
11262 1.096 0.008 0.200 1.020 -0.066 0.005
11271 1.096 0.008 0.200 1.020 -0.066 0.005
11280 1.096 0.008 0.200 1.020 -0.066 0.005
11289 1.096 0.008 0.200 1.020 -0.066 0.005
11299 1.096 0.008 0.200 1.020 -0.066 0.005
11308 1.096 0.008 0.200 1.020 -0.066 0.005
11317 1.096 0.008 0.200 1.020 -0.066 0.005
11326 1.096 0.008 0.200 1.020 -0.066 0.005
11335 1.096 0.008 0.200 1.020 -0.066 0.005
11344 1.096 0.008 0.200 1.021 -0.066 0.005
11353 1.096 0.008 0.200 1.020 -0.066 0.005
11362 1.096 0.008 0.200 1.020 -0.066 0.005
11372 1.096 0.008 0.200 1.020 -0.066 0.005
11381 1.096 0.008 0.200 1.020 -0.066 0.005
11390 1.096 0.008 0.200 1.020 -0.066 0.005
11399 1.096 0.008 0.200 1.020 -0.065 0.006
11408 1.096 0.008 0.200 1.020 -0.065 0.006
11417 1.096 0.008 0.200 1.020 -0.065 0.006
11426 1.096 0.008 0.200 1.020 -0.066 0.006
11436 1.096 0.008 0.200 1.020 -0.065 0.006
11445 1.096 0.008 0.200 1.020 -0.065 0.006
11454 1.096 0.008 0.200 1.020 -0.065 0.006
11463 1.096 0.008 0.200 1.020 -0.065 0.006
11472 1.096 0.008 0.200 1.020 -0.065 0.006
11481 1.096 0.008 0.200 1.021 -0.066 0.006
11490 1.096 0.008 0.200 1.020 -0.066 0.005
11499 1.096 0.008 0.200 1.020 -0.065 0.006
11508 1.096 0.008 0.200 1.020 -0.065 0.006
11518 1.096 0.008 0.200 1.020 -0.065 0.006
11527 1.096 0.008 0.200 1.020 -0.065 0.006
11536 1.096 0.008 0.200 1.020 -0.065 0.006
11545 1.096 0.008 0.200 1.020 -0.065 0.006
11554 1.096 0.008 0.200 1.020 -0.065 0.006
11563 1.096 0.008 0.200 1.020 -0.065 0.006
11572 1.096 0.008 0.200 1.020 -0.065 0.006
11581 1.096 0.008 0.200 1.020 -0.065 0.006
11591 1.096 0.008 0.200 1.020 -0.065 0.006
11600 1.096 0.008 0.200 1.020 -0.065 0.006
11609 1.096 0.008 0.200 1.020 -0.065 0.006
11618 1.096 0.008 0.200 1.020 -0.065 0.006
11627 1.096 0.008 0.200 1.020 -0.065 0.006
11636 1.096 0.008 0.200 1.020 -0.065 0.006
11645 1.096 0.008 0.200 1.020 -0.065 0.006
11654 1.096 0.008 0.200 1.020 -0.065 0.006
11663 1.096 0.008 0.200 1.020 -0.065 0.006
11672 1.096 0.008 0.200 1.020 -0.065 0.006
11682 1.096 0.008 0.200 1.020 -0.065 0.006
11691 1.096 0.008 0.200 1.020 -0.065 0.006
11700 1.096 0.008 0.200 1.020 -0.065 0.006
11709 1.096 0.008 0.200 1.020 -0.065 0.006
11718 1.096 0.008 0.200 1.020 -0.065 0.006
11727 1.096 0.008 0.200 1.020 -0.065 0.006
11736 1.096 0.008 0.200 1.020 -0.065 0.006
11745 1.096 0.008 0.200 1.020 -0.065 0.006
11754 1.096 0.008 0.200 1.020 -0.065 0.006
11763 1.096 0.008 0.200 1.020 -0.065 0.006
11772 1.096 0.008 0.200 1.020 -0.065 0.006
11782 1.096 0.008 0.200 1.020 -0.065 0.006
11791 1.096 0.008 0.200 1.020 -0.066 0.006
11800 1.096 0.008 0.200 1.020 -0.065 0.006
11809 1.096 0.008 0.200 1.020 -0.065 0.006
11818 1.096 0.008 0.200 1.020 -0.065 0.006
11827 1.096 0.008 0.200 1.020 -0.065 0.006
11836 1.096 0.008 0.200 1.020 -0.065 0.006
11845 1.096 0.008 0.200 1.020 -0.065 0.006
11854 1.096 0.008 0.200 1.020 -0.065 0.006
11863 1.096 0.008 0.200 1.020 -0.065 0.006
11872 1.096 0.008 0.200 1.020 -0.065 0.006
11882 1.096 0.008 0.200 1.020 -0.065 0.006
11891 1.096 0.008 0.200 1.020 -0.065 0.006
11900 1.096 0.008 0.200 1.020 -0.065 0.006
11909 1.096 0.008 0.200 1.020 -0.065 0.006
11918 1.096 0.008 0.200 1.020 -0.065 0.006
11927 1.096 0.008 0.200 1.020 -0.065 0.006
11936 1.096 0.008 0.200 1.020 -0.065 0.006
11945 1.096 0.008 0.200 1.020 -0.065 0.006
11954 1.096 0.008 0.200 1.020 -0.065 0.006
11963 1.096 0.008 0.200 1.020 -0.065 0.006
11972 1.096 0.008 0.200 1.020 -0.065 0.006
11982 1.096 0.008 0.200 1.020 -0.065 0.006
11991 1.096 0.008 0.200 1.020 -0.065 0.006
12000 1.096 0.008 0.200 1.020 -0.065 0.006
12009 1.096 0.008 0.200 1.020 -0.066 0.006
12018 1.096 0.008 0.200 1.020 -0.066 0.006
12027 1.096 0.008 0.200 1.020 -0.065 0.006
12036 1.096 0.008 0.200 1.020 -0.065 0.006
12045 1.096 0.008 0.200 1.020 -0.065 0.006
12054 1.096 0.008 0.200 1.020 -0.065 0.006
12063 1.096 0.008 0.200 1.020 -0.065 0.006
12072 1.096 0.008 0.200 1.020 -0.065 0.006
12081 1.096 0.008 0.200 1.020 -0.065 0.006
12091 1.096 0.008 0.200 1.020 -0.065 0.006
12100 1.096 0.008 0.200 1.020 -0.065 0.006
12109 1.096 0.008 0.200 1.020 -0.065 0.006
12118 1.096 0.008 0.200 1.020 -0.065 0.006
12127 1.096 0.008 0.200 1.020 -0.065 0.006
12136 1.096 0.008 0.200 1.020 -0.065 0.006
12145 1.096 0.008 0.200 1.020 -0.065 0.006
12154 1.096 0.008 0.200 1.020 -0.066 0.006
12163 1.096 0.008 0.200 1.020 -0.065 0.006
12172 1.096 0.008 0.200 1.020 -0.065 0.006
12181 1.096 0.008 0.200 1.020 -0.065 0.006
12191 1.096 0.008 0.200 1.020 -0.066 0.006
12200 1.096 0.008 0.200 1.020 -0.065 0.006
12209 1.096 0.008 0.200 1.020 -0.066 0.006
12218 1.096 0.008 0.200 1.020 -0.065 0.006
12227 1.096 0.008 0.200 1.020 -0.065 0.006
12236 1.096 0.008 0.200 1.021 -0.065 0.005
12245 1.096 0.008 0.200 1.020 -0.065 0.006
12254 1.096 0.008 0.200 1.020 -0.065 0.006
12263 1.096 0.008 0.200 1.020 -0.065 0.006
12272 1.096 0.008 0.200 1.020 -0.065 0.006
12281 1.096 0.008 0.200 1.020 -0.065 0.006
12291 1.096 0.008 0.200 1.020 -0.065 0.006
12300 1.096 0.008 0.200 1.020 -0.065 0.006
12309 1.096 0.008 0.200 1.020 -0.065 0.006
12318 1.096 0.008 0.200 1.020 -0.065 0.006
12327 1.096 0.008 0.200 1.020 -0.065 0.006
12336 1.096 0.008 0.200 1.020 -0.065 0.006
12345 1.096 0.008 0.200 1.020 -0.065 0.006
12354 1.096 0.008 0.200 1.020 -0.065 0.006
12363 1.096 0.008 0.200 1.020 -0.066 0.006
12372 1.096 0.008 0.200 1.020 -0.066 0.006
12381 1.096 0.008 0.200 1.020 -0.065 0.006
12391 1.096 0.008 0.200 1.020 -0.065 0.006
12400 1.096 0.008 0.200 1.020 -0.065 0.006
12409 1.096 0.008 0.200 1.020 -0.065 0.006
12418 1.096 0.008 0.200 1.020 -0.065 0.006
12427 1.096 0.008 0.200 1.020 -0.065 0.006
12436 1.096 0.008 0.200 1.020 -0.065 0.006
12445 1.096 0.008 0.200 1.020 -0.065 0.006
12454 1.096 0.008 0.200 1.020 -0.065 0.006
12463 1.096 0.008 0.200 1.020 -0.065 0.006
12472 1.096 0.008 0.200 1.020 -0.065 0.006
12481 1.096 0.008 0.200 1.020 -0.065 0.006
12491 1.096 0.008 0.200 1.020 -0.066 0.006
12500 1.096 0.008 0.200 1.020 -0.066 0.006
12509 1.096 0.008 0.200 1.020 -0.065 0.006
12518 1.096 0.008 0.200 1.020 -0.066 0.006
12527 1.096 0.008 0.200 1.020 -0.065 0.006
12536 1.096 0.008 0.200 1.020 -0.065 0.006
12545 1.096 0.008 0.200 1.020 -0.065 0.006
12554 1.096 0.008 0.200 1.020 -0.065 0.006
12563 1.096 0.008 0.200 1.020 -0.065 0.006
12572 1.096 0.008 0.200 1.020 -0.065 0.006
12581 1.096 0.008 0.200 1.020 -0.065 0.005
12591 1.096 0.008 0.200 1.020 -0.064 0.005
12600 1.096 0.008 0.200 1.020 -0.065 0.006
12609 1.096 0.008 0.200 1.020 -0.065 0.006
12618 1.096 0.008 0.200 1.020 -0.065 0.006
12627 1.096 0.008 0.200 1.020 -0.065 0.006
12636 1.096 0.008 0.200 1.020 -0.065 0.006
12645 1.096 0.008 0.200 1.020 -0.065 0.006
12654 1.096 0.008 0.200 1.020 -0.065 0.006
12663 1.096 0.008 0.200 1.020 -0.065 0.006
12672 1.096 0.008 0.200 1.020 -0.065 0.006
12682 1.096 0.008 0.200 1.020 -0.065 0.006
12691 1.096 0.008 0.200 1.020 -0.065 0.006
12700 1.096 0.008 0.200 1.020 -0.065 0.006
12709 1.096 0.008 0.200 1.020 -0.065 0.006
12718 1.096 0.008 0.200 1.020 -0.065 0.006
12727 1.096 0.008 0.200 1.020 -0.066 0.006
12736 1.096 0.008 0.200 1.020 -0.065 0.006
12745 1.096 0.008 0.200 1.020 -0.065 0.006
12754 1.096 0.008 0.200 1.020 -0.065 0.006
12763 1.096 0.008 0.200 1.020 -0.066 0.006
12772 1.096 0.008 0.200 1.020 -0.066 0.006
12782 1.096 0.008 0.200 1.020 -0.065 0.006
12791 1.096 0.008 0.200 1.020 -0.065 0.006
12800 1.096 0.008 0.200 1.021 -0.066 0.006
12809 1.096 0.008 0.200 1.020 -0.065 0.006
12818 1.096 0.008 0.200 1.020 -0.065 0.006
12827 1.096 0.008 0.200 1.020 -0.066 0.006
12836 1.096 0.008 0.200 1.020 -0.065 0.006
12845 1.096 0.008 0.200 1.020 -0.066 0.006
12854 1.096 0.008 0.200 1.020 -0.065 0.006
12863 1.096 0.008 0.200 1.020 -0.065 0.006
12872 1.096 0.008 0.200 1.020 -0.065 0.006
12882 1.096 0.008 0.200 1.020 -0.066 0.006
12891 1.096 0.008 0.200 1.021 -0.066 0.006
12900 1.096 0.008 0.200 1.020 -0.065 0.006
12909 1.096 0.008 0.200 1.020 -0.065 0.006
12918 1.096 0.008 0.200 1.020 -0.065 0.006
12927 1.096 0.008 0.200 1.020 -0.065 0.006
12936 1.096 0.008 0.200 1.020 -0.065 0.006
12945 1.096 0.008 0.200 1.020 -0.065 0.006
12954 1.096 0.008 0.200 1.020 -0.065 0.006
12963 1.096 0.008 0.200 1.020 -0.065 0.006
12972 1.096 0.008 0.200 1.020 -0.065 0.006
12982 1.096 0.008 0.200 1.020 -0.065 0.006
12991 1.096 0.008 0.200 1.020 -0.065 0.006
13000 1.096 0.008 0.200 1.020 -0.065 0.006
13009 1.096 0.008 0.200 1.020 -0.065 0.006
13018 1.096 0.008 0.200 1.020 -0.065 0.006
13027 1.096 0.008 0.200 1.020 -0.065 0.006
13036 1.096 0.008 0.200 1.020 -0.065 0.006
13045 1.096 0.008 0.200 1.020 -0.065 0.006
13054 1.096 0.008 0.200 1.020 -0.066 0.006
13063 1.096 0.008 0.200 1.020 -0.065 0.006
13072 1.096 0.008 0.200 1.020 -0.065 0.006
13082 1.096 0.008 0.200 1.021 -0.066 0.006
13091 1.096 0.008 0.200 1.020 -0.065 0.006
13100 1.096 0.008 0.200 1.020 -0.065 0.006
13109 1.096 0.008 0.200 1.020 -0.066 0.006
13118 1.096 0.008 0.200 1.020 -0.065 0.006
13127 1.096 0.008 0.200 1.020 -0.065 0.006
13136 1.096 0.008 0.200 1.020 -0.065 0.006
13145 1.096 0.008 0.200 1.020 -0.065 0.006
13154 1.096 0.008 0.200 1.020 -0.065 0.006
13163 1.096 0.008 0.200 1.020 -0.065 0.006
13172 1.096 0.008 0.200 1.020 -0.065 0.006
13182 1.096 0.008 0.200 1.020 -0.065 0.006
13191 1.096 0.008 0.200 1.020 -0.065 0.006
13200 1.096 0.008 0.200 1.020 -0.065 0.006
13209 1.096 0.008 0.200 1.020 -0.065 0.006
13218 1.096 0.008 0.200 1.020 -0.065 0.006
13227 1.096 0.008 0.200 1.020 -0.065 0.006
13236 1.096 0.008 0.200 1.020 -0.065 0.006
13245 1.096 0.008 0.200 1.020 -0.065 0.006
13254 1.096 0.008 0.200 1.020 -0.065 0.006
13263 1.096 0.008 0.200 1.020 -0.065 0.006
13272 1.096 0.008 0.200 1.020 -0.065 0.006
13281 1.096 0.008 0.200 1.020 -0.065 0.006
13291 1.096 0.008 0.200 1.020 -0.065 0.006
13300 1.096 0.008 0.200 1.020 -0.065 0.006
13309 1.096 0.008 0.200 1.020 -0.065 0.006
13318 1.096 0.008 0.200 1.020 -0.065 0.006
13327 1.096 0.008 0.200 1.020 -0.065 0.006
13336 1.096 0.008 0.200 1.020 -0.065 0.006
13345 1.096 0.008 0.200 1.020 -0.065 0.006
13354 1.096 0.008 0.200 1.020 -0.065 0.006
13363 1.096 0.008 0.200 1.020 -0.065 0.006
13372 1.096 0.008 0.200 1.020 -0.065 0.006
13381 1.096 0.008 0.200 1.020 -0.066 0.006
13391 1.096 0.008 0.200 1.020 -0.065 0.006
13400 1.096 0.008 0.200 1.020 -0.065 0.006
13409 1.096 0.008 0.200 1.020 -0.065 0.006
13418 1.096 0.008 0.200 1.020 -0.065 0.006
13427 1.096 0.008 0.200 1.020 -0.066 0.006
13436 1.096 0.008 0.200 1.020 -0.065 0.006
13445 1.096 0.008 0.200 1.020 -0.065 0.006
13454 1.096 0.008 0.200 1.020 -0.066 0.006
13463 1.096 0.008 0.200 1.020 -0.065 0.006
13472 1.096 0.008 0.200 1.020 -0.065 0.006
13481 1.096 0.008 0.200 1.020 -0.065 0.006
13491 1.096 0.008 0.200 1.020 -0.065 0.006
13500 1.096 0.008 0.200 1.020 -0.065 0.006
13509 1.096 0.008 0.200 1.020 -0.065 0.006
13518 1.096 0.008 0.200 1.020 -0.065 0.006
13527 1.096 0.008 0.200 1.020 -0.065 0.006
13536 1.096 0.008 0.200 1.020 -0.065 0.006
13545 1.096 0.008 0.200 1.021 -0.066 0.006
13554 1.096 0.008 0.200 1.020 -0.066 0.006
13563 1.096 0.008 0.200 1.020 -0.065 0.006
13572 1.096 0.008 0.200 1.020 -0.065 0.006
13581 1.096 0.008 0.200 1.020 -0.065 0.006
13591 1.096 0.008 0.200 1.021 -0.066 0.006
13600 1.096 0.008 0.200 1.020 -0.065 0.006
13609 1.096 0.008 0.200 1.020 -0.065 0.006
13618 1.096 0.008 0.200 1.020 -0.065 0.006
13627 1.096 0.008 0.200 1.020 -0.065 0.006
13636 1.096 0.008 0.200 1.021 -0.066 0.006
13645 1.096 0.008 0.200 1.020 -0.065 0.006
13654 1.096 0.008 0.200 1.020 -0.065 0.006
13663 1.096 0.008 0.200 1.020 -0.065 0.006
13673 1.096 0.008 0.200 1.020 -0.065 0.006
13682 1.096 0.008 0.200 1.020 -0.065 0.006
13691 1.096 0.008 0.200 1.020 -0.065 0.006
13700 1.096 0.008 0.200 1.020 -0.065 0.006
13709 1.096 0.008 0.200 1.020 -0.065 0.006
13718 1.096 0.008 0.200 1.020 -0.065 0.006
13727 1.096 0.008 0.200 1.020 -0.065 0.006
13736 1.096 0.008 0.200 1.020 -0.065 0.006
13746 1.096 0.008 0.200 1.020 -0.065 0.006
13755 1.096 0.008 0.200 1.020 -0.065 0.006
13764 1.096 0.008 0.200 1.020 -0.066 0.006
13773 1.096 0.008 0.200 1.020 -0.066 0.006
13782 1.096 0.008 0.200 1.020 -0.065 0.006
13791 1.096 0.008 0.200 1.020 -0.065 0.006
13800 1.096 0.008 0.200 1.020 -0.065 0.006
13809 1.096 0.008 0.200 1.020 -0.065 0.006
13819 1.096 0.008 0.200 1.020 -0.065 0.006
13828 1.096 0.008 0.200 1.020 -0.065 0.006
13837 1.096 0.008 0.200 1.020 -0.065 0.006
13846 1.096 0.008 0.200 1.020 -0.065 0.006
13855 1.096 0.008 0.200 1.020 -0.065 0.006
13864 1.096 0.008 0.200 1.020 -0.065 0.006
13873 1.096 0.008 0.200 1.020 -0.065 0.006
13882 1.096 0.008 0.200 1.020 -0.065 0.006
13892 1.096 0.008 0.200 1.020 -0.065 0.006
13901 1.096 0.008 0.200 1.020 -0.065 0.006
13910 1.096 0.008 0.200 1.020 -0.065 0.006
13919 1.096 0.008 0.200 1.020 -0.065 0.006
13928 1.096 0.008 0.200 1.020 -0.065 0.006
13937 1.096 0.008 0.200 1.020 -0.066 0.006
13946 1.096 0.008 0.200 1.020 -0.065 0.006
13955 1.096 0.008 0.200 1.020 -0.065 0.006
13964 1.096 0.008 0.200 1.020 -0.065 0.006
13974 1.096 0.008 0.200 1.020 -0.065 0.006
13983 1.096 0.008 0.200 1.020 -0.065 0.006
13992 1.096 0.008 0.200 1.020 -0.065 0.006
14001 1.096 0.008 0.200 1.020 -0.065 0.006
14010 1.096 0.008 0.200 1.020 -0.065 0.006
14019 1.096 0.008 0.200 1.020 -0.065 0.006
14028 1.096 0.008 0.200 1.020 -0.065 0.006
14037 1.096 0.008 0.200 1.020 -0.065 0.006
14047 1.096 0.008 0.200 1.020 -0.065 0.006
14056 1.096 0.008 0.200 1.020 -0.065 0.006
14065 1.096 0.008 0.200 1.020 -0.065 0.006
14074 1.096 0.008 0.200 1.020 -0.065 0.006
14083 1.096 0.008 0.200 1.020 -0.066 0.006
14092 1.096 0.008 0.200 1.020 -0.066 0.006
14101 1.096 0.008 0.200 1.020 -0.066 0.006
14110 1.096 0.008 0.200 1.021 -0.066 0.006
14120 1.096 0.008 0.200 1.020 -0.066 0.006
14129 1.096 0.008 0.200 1.020 -0.065 0.006
14138 1.096 0.008 0.200 1.020 -0.065 0.006
14147 1.096 0.008 0.200 1.020 -0.065 0.006
14156 1.096 0.008 0.200 1.020 -0.065 0.006
14165 1.096 0.008 0.200 1.020 -0.065 0.006
14174 1.096 0.008 0.200 1.020 -0.065 0.006
14183 1.096 0.008 0.200 1.020 -0.065 0.006
14193 1.096 0.008 0.200 1.020 -0.065 0.006
14202 1.096 0.008 0.200 1.020 -0.065 0.006
14211 1.096 0.008 0.200 1.020 -0.065 0.006
14220 1.096 0.008 0.200 1.021 -0.065 0.006
14229 1.096 0.008 0.200 1.020 -0.065 0.006
14238 1.096 0.008 0.200 1.020 -0.065 0.006
14247 1.096 0.008 0.200 1.021 -0.066 0.006
14256 1.096 0.008 0.200 1.020 -0.065 0.006
14265 1.096 0.008 0.200 1.020 -0.065 0.006
14275 1.096 0.008 0.200 1.021 -0.066 0.006
14284 1.096 0.008 0.200 1.020 -0.065 0.006
14293 1.096 0.008 0.200 1.020 -0.065 0.006
14302 1.096 0.008 0.200 1.020 -0.065 0.006
14311 1.096 0.008 0.200 1.020 -0.065 0.006
14320 1.096 0.008 0.200 1.020 -0.065 0.006
14329 1.096 0.008 0.200 1.020 -0.065 0.006
14338 1.096 0.008 0.200 1.020 -0.065 0.006
14348 1.096 0.008 0.200 1.021 -0.065 0.006
14357 1.096 0.008 0.200 1.020 -0.065 0.006
14366 1.096 0.008 0.200 1.020 -0.065 0.006
14375 1.096 0.008 0.200 1.020 -0.065 0.006
14384 1.096 0.008 0.200 1.020 -0.065 0.006
14393 1.096 0.008 0.200 1.020 -0.065 0.006
14402 1.096 0.008 0.200 1.020 -0.065 0.006
14411 1.096 0.008 0.200 1.020 -0.065 0.006
14421 1.096 0.008 0.200 1.020 -0.065 0.006
14430 1.096 0.008 0.200 1.021 -0.065 0.006
14439 1.096 0.008 0.200 1.020 -0.065 0.006
14448 1.096 0.008 0.200 1.020 -0.065 0.006
14457 1.096 0.008 0.200 1.020 -0.065 0.006
14466 1.096 0.008 0.200 1.020 -0.065 0.006
14475 1.096 0.008 0.200 1.020 -0.065 0.006
14484 1.096 0.008 0.200 1.020 -0.065 0.006
14493 1.096 0.008 0.200 1.020 -0.065 0.006
14503 1.096 0.008 0.200 1.020 -0.065 0.006
14512 1.096 0.008 0.200 1.020 -0.065 0.006
14521 1.096 0.008 0.200 1.020 -0.065 0.006
14530 1.096 0.008 0.200 1.021 -0.066 0.006
14539 1.096 0.008 0.200 1.020 -0.065 0.006
14548 1.096 0.008 0.200 1.020 -0.065 0.006
14557 1.096 0.008 0.200 1.020 -0.065 0.006
14566 1.096 0.008 0.200 1.021 -0.065 0.006
14576 1.096 0.008 0.200 1.020 -0.065 0.006
14585 1.096 0.008 0.200 1.020 -0.065 0.006
14594 1.096 0.008 0.200 1.020 -0.065 0.006
14603 1.096 0.008 0.200 1.020 -0.065 0.006
14612 1.096 0.008 0.200 1.021 -0.065 0.006
14621 1.096 0.008 0.200 1.020 -0.065 0.006
14630 1.096 0.008 0.200 1.020 -0.065 0.006
14639 1.096 0.008 0.200 1.020 -0.065 0.006
14649 1.096 0.008 0.200 1.020 -0.065 0.006
14658 1.096 0.008 0.200 1.020 -0.065 0.006
14667 1.096 0.008 0.200 1.021 -0.065 0.006
14676 1.096 0.008 0.200 1.021 -0.065 0.006
14685 1.096 0.008 0.200 1.020 -0.065 0.006
14694 1.096 0.008 0.200 1.020 -0.065 0.006
14703 1.096 0.008 0.200 1.020 -0.065 0.006
14712 1.096 0.008 0.200 1.020 -0.065 0.006
14722 1.096 0.008 0.200 1.020 -0.065 0.006
14731 1.096 0.008 0.200 1.020 -0.065 0.006
14740 1.096 0.008 0.200 1.020 -0.065 0.006
14749 1.096 0.008 0.200 1.021 -0.065 0.006
14758 1.096 0.008 0.200 1.020 -0.065 0.006
14767 1.096 0.008 0.200 1.021 -0.065 0.006
14776 1.096 0.008 0.200 1.020 -0.065 0.006
14785 1.096 0.008 0.200 1.020 -0.065 0.006
14795 1.096 0.008 0.200 1.020 -0.065 0.006
14804 1.096 0.008 0.200 1.021 -0.065 0.006
14813 1.096 0.008 0.200 1.021 -0.065 0.006
14822 1.096 0.008 0.200 1.020 -0.065 0.006
14831 1.096 0.008 0.200 1.020 -0.065 0.006
14840 1.096 0.008 0.200 1.020 -0.065 0.006
14849 1.096 0.008 0.200 1.020 -0.065 0.006
14859 1.096 0.008 0.200 1.020 -0.065 0.006
14868 1.096 0.008 0.200 1.020 -0.064 0.006
14877 1.096 0.008 0.200 1.020 -0.065 0.006
14886 1.096 0.008 0.200 1.020 -0.065 0.006
14895 1.096 0.008 0.200 1.020 -0.065 0.006
14904 1.096 0.008 0.200 1.020 -0.066 0.006
14913 1.096 0.008 0.200 1.020 -0.066 0.006
14922 1.096 0.008 0.200 1.020 -0.065 0.006
14931 1.096 0.008 0.200 1.020 -0.065 0.006
14941 1.096 0.008 0.200 1.021 -0.065 0.006
14950 1.096 0.008 0.200 1.020 -0.065 0.006
14959 1.096 0.008 0.200 1.020 -0.065 0.006
14968 1.096 0.008 0.200 1.020 -0.065 0.006
14977 1.096 0.008 0.200 1.020 -0.065 0.006
14986 1.096 0.008 0.200 1.021 -0.065 0.006
14995 1.096 0.008 0.200 1.020 -0.065 0.006
15004 1.096 0.008 0.200 1.020 -0.065 0.006
15014 1.096 0.008 0.200 1.020 -0.065 0.006
15023 1.096 0.008 0.200 1.020 -0.065 0.006
15032 1.096 0.008 0.200 1.020 -0.065 0.006
15041 1.096 0.008 0.200 1.021 -0.065 0.006
15050 1.096 0.008 0.200 1.020 -0.065 0.006
15059 1.096 0.008 0.200 1.020 -0.065 0.006
15068 1.096 0.008 0.200 1.020 -0.065 0.006
15077 1.096 0.008 0.200 1.020 -0.065 0.006
15087 1.096 0.008 0.200 1.020 -0.065 0.006
15096 1.096 0.008 0.200 1.020 -0.065 0.006
15105 1.096 0.008 0.200 1.020 -0.065 0.006
15114 1.096 0.008 0.200 1.020 -0.065 0.006
15123 1.096 0.008 0.200 1.020 -0.065 0.006
15132 1.096 0.008 0.200 1.020 -0.065 0.006
15141 1.096 0.008 0.200 1.020 -0.065 0.006
15150 1.096 0.008 0.200 1.020 -0.065 0.006
15160 1.096 0.008 0.200 1.020 -0.065 0.006
15169 1.096 0.008 0.200 1.020 -0.065 0.006
15178 1.096 0.008 0.200 1.020 -0.065 0.006
15187 1.096 0.008 0.200 1.019 -0.066 0.006
15196 1.096 0.008 0.200 1.019 -0.066 0.006
15205 1.096 0.008 0.200 1.019 -0.066 0.006
15214 1.096 0.008 0.200 1.019 -0.065 0.005
15223 1.096 0.008 0.200 1.019 -0.065 0.005
15233 1.096 0.008 0.200 1.019 -0.065 0.005
15242 1.096 0.008 0.200 1.018 -0.066 0.005
15251 1.096 0.008 0.200 1.019 -0.065 0.005
15260 1.096 0.008 0.200 1.019 -0.065 0.005
15269 1.096 0.008 0.200 1.019 -0.065 0.005
15278 1.096 0.008 0.200 1.019 -0.066 0.005
15287 1.096 0.008 0.200 1.019 -0.066 0.005
15296 1.096 0.008 0.200 1.019 -0.065 0.005
15306 1.096 0.008 0.200 1.020 -0.066 0.005
15315 1.096 0.008 0.200 1.019 -0.066 0.005
15324 1.096 0.008 0.200 1.019 -0.066 0.005
15333 1.096 0.008 0.200 1.019 -0.067 0.005
15342 1.096 0.008 0.200 1.020 -0.066 0.005
15351 1.096 0.008 0.200 1.020 -0.066 0.005
15360 1.096 0.008 0.200 1.020 -0.066 0.005
15369 1.096 0.008 0.200 1.020 -0.067 0.005
15378 1.096 0.008 0.200 1.020 -0.066 0.005
15388 1.096 0.008 0.200 1.020 -0.066 0.005
15397 1.096 0.008 0.200 1.019 -0.067 0.005
15406 1.096 0.008 0.200 1.020 -0.066 0.005
15415 1.096 0.008 0.200 1.020 -0.066 0.005
15424 1.096 0.008 0.200 1.020 -0.066 0.005
15433 1.096 0.008 0.200 1.019 -0.067 0.005
15442 1.096 0.008 0.200 1.020 -0.066 0.005
15451 1.096 0.008 0.200 1.020 -0.065 0.005
15460 1.096 0.008 0.200 1.020 -0.066 0.005
15469 1.096 0.008 0.200 1.020 -0.065 0.005
15478 1.096 0.008 0.200 1.020 -0.065 0.005
15487 1.096 0.008 0.200 1.020 -0.065 0.005
15497 1.096 0.008 0.200 1.020 -0.064 0.005
15506 1.096 0.008 0.200 1.020 -0.066 0.005
15515 1.096 0.008 0.200 1.020 -0.065 0.005
15524 1.096 0.008 0.200 1.020 -0.065 0.005
15533 1.096 0.008 0.200 1.020 -0.065 0.005
15542 1.096 0.008 0.200 1.020 -0.065 0.005
15551 1.096 0.008 0.200 1.020 -0.064 0.005
15560 1.096 0.008 0.200 1.020 -0.066 0.005
15569 1.096 0.008 0.200 1.020 -0.066 0.005
15578 1.096 0.008 0.200 1.020 -0.066 0.005
15587 1.096 0.008 0.200 1.020 -0.064 0.005
15597 1.096 0.008 0.200 1.020 -0.065 0.005
15606 1.096 0.008 0.200 1.019 -0.066 0.005
15615 1.096 0.008 0.200 1.020 -0.065 0.005
15624 1.096 0.008 0.200 1.020 -0.066 0.005
15633 1.096 0.008 0.200 1.020 -0.066 0.005
15642 1.096 0.008 0.200 1.020 -0.064 0.004
15651 1.096 0.008 0.200 1.020 -0.065 0.005
15660 1.096 0.008 0.200 1.019 -0.065 0.005
15669 1.096 0.008 0.200 1.019 -0.065 0.005
15678 1.096 0.008 0.200 1.019 -0.066 0.005
15687 1.096 0.008 0.200 1.018 -0.065 0.005
15696 1.096 0.008 0.200 1.018 -0.066 0.005
15706 1.096 0.008 0.200 1.018 -0.066 0.005
15715 1.096 0.008 0.200 1.017 -0.065 0.005
15724 1.096 0.008 0.200 1.017 -0.065 0.005
15733 1.096 0.008 0.200 1.017 -0.065 0.005
15742 1.096 0.008 0.200 1.018 -0.066 0.005
15751 1.096 0.008 0.200 1.017 -0.065 0.005
15760 1.096 0.008 0.200 1.017 -0.065 0.005
15769 1.096 0.008 0.200 1.017 -0.065 0.005
15778 1.096 0.008 0.200 1.017 -0.065 0.005
15787 1.096 0.008 0.200 1.017 -0.065 0.005
15796 1.096 0.008 0.200 1.017 -0.065 0.005
15805 1.096 0.008 0.200 1.017 -0.065 0.005
15815 1.096 0.008 0.200 1.017 -0.067 0.005
15824 1.096 0.008 0.200 1.018 -0.065 0.005
15833 1.096 0.008 0.200 1.018 -0.065 0.005
15842 1.096 0.008 0.200 1.017 -0.065 0.004
15851 1.096 0.008 0.200 1.017 -0.064 0.004
15860 1.096 0.008 0.200 1.018 -0.065 0.005
15869 1.096 0.008 0.200 1.018 -0.065 0.005
15878 1.096 0.008 0.200 1.018 -0.065 0.005
15887 1.096 0.008 0.200 1.018 -0.064 0.004
15896 1.096 0.008 0.200 1.018 -0.064 0.004
15906 1.096 0.008 0.200 1.019 -0.064 0.005
15915 1.096 0.008 0.200 1.018 -0.063 0.004
15924 1.096 0.008 0.200 1.018 -0.063 0.005
15933 1.096 0.008 0.200 1.018 -0.063 0.005
15942 1.096 0.008 0.200 1.018 -0.065 0.007
15951 1.096 0.008 0.200 1.017 -0.063 0.007
15960 1.096 0.008 0.200 1.017 -0.062 0.008
15969 1.096 0.008 0.200 1.017 -0.061 0.009
15978 1.096 0.008 0.200 1.016 -0.061 0.011
15987 1.096 0.008 0.200 1.015 -0.059 0.012
15996 1.096 0.008 0.200 1.015 -0.060 0.013
16005 1.096 0.008 0.200 1.014 -0.060 0.014
16015 1.096 0.008 0.200 1.014 -0.059 0.015
16024 1.096 0.008 0.200 1.013 -0.059 0.016
16033 1.096 0.008 0.200 1.013 -0.059 0.016
16042 1.096 0.008 0.200 1.013 -0.057 0.017
16051 1.096 0.008 0.200 1.011 -0.057 0.020
16060 1.096 0.008 0.200 1.011 -0.057 0.022
16069 1.096 0.008 0.200 1.011 -0.055 0.024
16078 1.096 0.008 0.200 1.011 -0.054 0.027
16087 1.096 0.008 0.200 1.010 -0.053 0.030
16096 1.096 0.008 0.200 1.010 -0.053 0.034
16105 1.096 0.008 0.200 1.009 -0.051 0.037
16115 1.096 0.008 0.200 1.009 -0.048 0.042
16124 1.096 0.008 0.200 1.009 -0.048 0.047
16133 1.096 0.008 0.200 1.009 -0.048 0.047
16142 1.096 0.008 0.200 1.009 -0.046 0.052
16151 1.096 0.008 0.200 1.008 -0.045 0.057
16160 1.096 0.008 0.200 1.007 -0.044 0.063
16169 1.096 0.008 0.200 1.007 -0.043 0.069
16178 1.096 0.008 0.200 1.007 -0.043 0.076
16187 1.096 0.008 0.200 1.007 -0.040 0.082
16196 1.096 0.008 0.200 1.006 -0.039 0.090
16205 1.096 0.008 0.200 1.005 -0.040 0.097
16215 1.096 0.008 0.200 1.004 -0.038 0.104
16224 1.096 0.008 0.200 1.003 -0.036 0.112
16233 1.096 0.008 0.200 1.003 -0.036 0.112
16242 1.096 0.008 0.200 1.002 -0.034 0.119
16251 1.096 0.008 0.200 1.001 -0.033 0.128
16260 1.096 0.008 0.200 1.000 -0.032 0.137
16269 1.096 0.008 0.200 0.999 -0.029 0.145
16278 1.096 0.008 0.200 0.998 -0.028 0.155
16287 1.096 0.008 0.200 0.997 -0.026 0.165
16296 1.096 0.008 0.200 0.995 -0.025 0.175
16305 1.096 0.008 0.200 0.993 -0.023 0.186
16315 1.096 0.008 0.200 0.992 -0.021 0.197
16324 1.096 0.008 0.200 0.990 -0.018 0.208
16333 1.096 0.008 0.200 0.990 -0.018 0.208
16342 1.096 0.008 0.200 0.989 -0.017 0.220
16351 1.096 0.008 0.200 0.987 -0.015 0.232
16360 1.096 0.008 0.200 0.986 -0.013 0.244
16369 1.096 0.008 0.200 0.985 -0.011 0.257
16378 1.096 0.008 0.200 0.984 -0.010 0.271
16387 1.096 0.008 0.200 0.981 -0.008 0.283
16396 1.096 0.008 0.200 0.980 -0.004 0.297
16405 1.096 0.008 0.200 0.979 -0.004 0.310
16415 1.096 0.008 0.200 0.978 -0.000 0.324
16424 1.096 0.008 0.200 0.976 0.002 0.338
16433 1.096 0.008 0.200 0.976 0.002 0.338
16442 1.096 0.008 0.200 0.975 0.003 0.352
16451 1.096 0.008 0.200 0.973 0.006 0.366
16460 1.096 0.008 0.200 0.971 0.007 0.381
16469 1.096 0.008 0.200 0.969 0.010 0.395
16478 1.096 0.008 0.200 0.968 0.012 0.410
16487 1.096 0.008 0.200 0.965 0.014 0.424
16496 1.096 0.008 0.200 0.964 0.015 0.439
16505 1.096 0.008 0.200 0.961 0.018 0.453
16515 1.096 0.008 0.200 0.960 0.018 0.467
16524 1.096 0.008 0.200 0.958 0.019 0.483
16533 1.096 0.008 0.200 0.958 0.019 0.483
16542 1.096 0.008 0.200 0.956 0.022 0.498
16551 1.096 0.008 0.200 0.954 0.023 0.512
16560 1.096 0.008 0.200 0.952 0.023 0.528
16569 1.096 0.008 0.200 0.949 0.024 0.543
16578 1.096 0.008 0.200 0.948 0.025 0.558
16587 1.096 0.008 0.200 0.946 0.026 0.572
16596 1.096 0.008 0.200 0.944 0.027 0.587
16606 1.096 0.008 0.200 0.942 0.028 0.601
16615 1.096 0.008 0.200 0.940 0.027 0.616
16624 1.096 0.008 0.200 0.939 0.029 0.630
16633 1.096 0.008 0.200 0.939 0.029 0.630
16642 1.096 0.008 0.200 0.937 0.029 0.644
16651 1.096 0.008 0.200 0.936 0.029 0.658
16660 1.096 0.008 0.200 0.935 0.029 0.672
16669 1.096 0.008 0.200 0.933 0.028 0.685
16678 1.096 0.008 0.200 0.931 0.029 0.698
16687 1.096 0.008 0.200 0.930 0.028 0.711
16696 1.096 0.008 0.200 0.930 0.027 0.723
16706 1.096 0.008 0.200 0.928 0.027 0.736
16715 1.096 0.008 0.200 0.927 0.027 0.747
16724 1.096 0.008 0.200 0.926 0.026 0.759
16733 1.096 0.008 0.200 0.926 0.026 0.759
16742 1.096 0.008 0.200 0.924 0.026 0.770
16751 1.096 0.008 0.200 0.921 0.027 0.781
16760 1.096 0.008 0.200 0.921 0.025 0.792
16769 1.096 0.008 0.200 0.920 0.024 0.802
16778 1.096 0.008 0.200 0.920 0.023 0.813
16787 1.096 0.008 0.200 0.918 0.023 0.822
16796 1.096 0.008 0.200 0.918 0.022 0.832
16806 1.096 0.008 0.200 0.916 0.022 0.842
16815 1.096 0.008 0.200 0.916 0.021 0.852
16824 1.096 0.008 0.200 0.915 0.020 0.861
16833 1.096 0.008 0.200 0.915 0.020 0.861
16842 1.096 0.008 0.200 0.914 0.020 0.870
16851 1.096 0.008 0.200 0.913 0.020 0.880
16860 1.096 0.008 0.200 0.913 0.019 0.889
16869 1.096 0.008 0.200 0.913 0.018 0.899
16878 1.096 0.008 0.200 0.912 0.017 0.908
16887 1.096 0.008 0.200 0.912 0.015 0.917
16896 1.096 0.008 0.200 0.912 0.015 0.926
16906 1.096 0.008 0.200 0.911 0.013 0.935
16915 1.096 0.008 0.200 0.911 0.012 0.944
16924 1.096 0.008 0.200 0.911 0.010 0.954
16933 1.096 0.008 0.200 0.911 0.010 0.954
16942 1.096 0.008 0.200 0.909 0.010 0.963
16951 1.096 0.008 0.200 0.909 0.008 0.972
16960 1.096 0.008 0.200 0.908 0.008 0.980
16969 1.096 0.008 0.200 0.908 0.006 0.989
16978 1.096 0.008 0.200 0.907 0.006 0.997
16987 1.096 0.008 0.200 0.906 0.005 1.004
16997 1.096 0.008 0.200 0.906 0.004 1.012
17006 1.096 0.008 0.200 0.905 0.003 1.019
17015 1.096 0.008 0.200 0.905 0.001 1.027
17024 1.096 0.008 0.200 0.904 0.000 1.034
17033 1.096 0.008 0.200 0.904 0.000 1.034
17042 1.096 0.008 0.200 0.903 -0.001 1.041
17051 1.096 0.008 0.200 0.902 -0.002 1.048
17060 1.096 0.008 0.200 0.901 -0.003 1.055
17069 1.096 0.008 0.200 0.900 -0.004 1.062
17078 1.096 0.008 0.200 0.899 -0.005 1.068
17087 1.096 0.008 0.200 0.899 -0.006 1.074
17097 1.096 0.008 0.200 0.898 -0.007 1.081
17106 1.096 0.008 0.200 0.896 -0.007 1.086
17115 1.096 0.008 0.200 0.895 -0.008 1.092
17124 1.096 0.008 0.200 0.894 -0.008 1.097
17133 1.096 0.008 0.200 0.894 -0.008 1.097
17142 1.096 0.008 0.200 0.892 -0.009 1.102
17151 1.096 0.008 0.200 0.892 -0.010 1.107
17160 1.096 0.008 0.200 0.891 -0.010 1.112
17169 1.096 0.008 0.200 0.889 -0.011 1.117
17178 1.096 0.008 0.200 0.887 -0.011 1.121
17187 1.096 0.008 0.200 0.886 -0.012 1.126
17196 1.096 0.008 0.200 0.886 -0.013 1.130
17206 1.096 0.008 0.200 0.885 -0.014 1.134
17215 1.096 0.008 0.200 0.883 -0.014 1.138
17224 1.096 0.008 0.200 0.883 -0.016 1.143
17233 1.096 0.008 0.200 0.882 -0.017 1.147
17242 1.096 0.008 0.200 0.882 -0.017 1.147
17252 1.096 0.008 0.200 0.881 -0.018 1.151
17261 1.096 0.008 0.200 0.881 -0.020 1.155
17270 1.096 0.008 0.200 0.880 -0.021 1.159
17279 1.096 0.008 0.200 0.879 -0.022 1.163
17288 1.096 0.008 0.200 0.877 -0.022 1.166
17297 1.096 0.008 0.200 0.876 -0.023 1.170
17306 1.096 0.008 0.200 0.876 -0.024 1.173
17315 1.096 0.008 0.200 0.875 -0.025 1.177
17324 1.096 0.008 0.200 0.875 -0.025 1.177
17333 1.096 0.008 0.200 0.872 -0.026 1.183
17343 1.096 0.008 0.200 0.872 -0.026 1.183
17352 1.096 0.008 0.200 0.870 -0.026 1.186
17361 1.096 0.008 0.200 0.869 -0.028 1.188
17370 1.096 0.008 0.200 0.867 -0.028 1.191
17379 1.096 0.008 0.200 0.866 -0.029 1.194
17388 1.096 0.008 0.200 0.864 -0.030 1.197
17397 1.096 0.008 0.200 0.861 -0.030 1.199
17406 1.096 0.008 0.200 0.859 -0.030 1.201
17415 1.096 0.008 0.200 0.857 -0.031 1.204
17424 1.096 0.008 0.200 0.855 -0.032 1.206
17433 1.096 0.008 0.200 0.853 -0.032 1.208
17443 1.096 0.008 0.200 0.853 -0.032 1.208
17452 1.096 0.008 0.200 0.851 -0.033 1.210
17461 1.096 0.008 0.200 0.849 -0.033 1.212
17470 1.096 0.008 0.200 0.847 -0.034 1.214
17479 1.096 0.008 0.200 0.845 -0.034 1.216
17488 1.096 0.008 0.200 0.843 -0.035 1.218
17497 1.096 0.008 0.200 0.841 -0.036 1.220
17506 1.096 0.008 0.200 0.839 -0.036 1.221
17515 1.096 0.008 0.200 0.837 -0.036 1.223
17525 1.096 0.008 0.200 0.834 -0.035 1.223
17534 1.096 0.008 0.200 0.832 -0.036 1.225
17543 1.096 0.008 0.200 0.832 -0.036 1.225
17552 1.096 0.008 0.200 0.830 -0.036 1.226
17561 1.096 0.008 0.200 0.829 -0.037 1.227
17570 1.096 0.008 0.200 0.826 -0.037 1.229
17579 1.096 0.008 0.200 0.824 -0.037 1.230
17588 1.096 0.008 0.200 0.822 -0.038 1.231
17597 1.096 0.008 0.200 0.820 -0.038 1.232
17606 1.096 0.008 0.200 0.818 -0.039 1.233
17616 1.096 0.008 0.200 0.816 -0.038 1.234
17625 1.096 0.008 0.200 0.813 -0.038 1.234
17634 1.096 0.008 0.200 0.812 -0.039 1.235
17643 1.096 0.008 0.200 0.812 -0.039 1.235
17652 1.096 0.008 0.200 0.810 -0.039 1.236
17661 1.096 0.008 0.200 0.808 -0.039 1.237
17670 1.096 0.008 0.200 0.806 -0.039 1.237
17679 1.096 0.008 0.200 0.804 -0.040 1.238
17689 1.096 0.008 0.200 0.802 -0.040 1.239
17698 1.096 0.008 0.200 0.800 -0.039 1.240
17707 1.096 0.008 0.200 0.798 -0.040 1.240
17716 1.096 0.008 0.200 0.796 -0.039 1.240
17725 1.096 0.008 0.200 0.794 -0.039 1.241
17734 1.096 0.008 0.200 0.792 -0.039 1.241
17743 1.096 0.008 0.200 0.790 -0.038 1.242
17752 1.096 0.008 0.200 0.790 -0.038 1.242
17762 1.096 0.008 0.200 0.788 -0.038 1.242
17771 1.096 0.008 0.200 0.786 -0.037 1.243
17780 1.096 0.008 0.200 0.784 -0.037 1.243
17789 1.096 0.008 0.200 0.782 -0.036 1.243
17798 1.096 0.008 0.200 0.780 -0.035 1.244
17807 1.096 0.008 0.200 0.778 -0.035 1.244
17816 1.096 0.008 0.200 0.776 -0.034 1.244
17825 1.096 0.008 0.200 0.774 -0.034 1.244
17835 1.096 0.008 0.200 0.771 -0.033 1.244
17844 1.096 0.008 0.200 0.769 -0.031 1.245
17853 1.096 0.008 0.200 0.769 -0.031 1.245
17862 1.096 0.008 0.200 0.766 -0.030 1.244
17871 1.096 0.008 0.200 0.763 -0.029 1.244
17880 1.096 0.008 0.200 0.761 -0.028 1.244
17889 1.096 0.008 0.200 0.758 -0.027 1.244
17898 1.096 0.008 0.200 0.756 -0.026 1.244
17907 1.096 0.008 0.200 0.753 -0.025 1.244
17917 1.096 0.008 0.200 0.750 -0.023 1.243
17926 1.096 0.008 0.200 0.747 -0.022 1.243
17935 1.096 0.008 0.200 0.745 -0.021 1.243
17945 1.096 0.008 0.200 0.742 -0.019 1.242
17954 1.096 0.008 0.200 0.739 -0.018 1.242
17963 1.096 0.008 0.200 0.739 -0.018 1.242
17972 1.096 0.008 0.200 0.737 -0.017 1.242
17981 1.096 0.008 0.200 0.733 -0.015 1.241
17991 1.096 0.008 0.200 0.730 -0.013 1.240
18000 1.096 0.008 0.200 0.727 -0.012 1.240
18009 1.096 0.008 0.200 0.724 -0.010 1.239
18018 1.096 0.008 0.200 0.720 -0.008 1.238
18027 1.096 0.008 0.200 0.717 -0.006 1.237
18036 1.096 0.008 0.200 0.713 -0.003 1.237
18045 1.096 0.008 0.200 0.709 -0.000 1.236
18054 1.096 0.008 0.200 0.706 0.002 1.235
18064 1.096 0.008 0.200 0.702 0.004 1.234
18073 1.096 0.008 0.200 0.702 0.004 1.234
18082 1.096 0.008 0.200 0.698 0.006 1.233
18091 1.096 0.008 0.200 0.695 0.009 1.232
18100 1.096 0.008 0.200 0.691 0.011 1.231
18109 1.096 0.008 0.200 0.688 0.014 1.230
18118 1.096 0.008 0.200 0.684 0.017 1.230
18127 1.096 0.008 0.200 0.680 0.020 1.229
18137 1.096 0.008 0.200 0.675 0.022 1.228
18146 1.096 0.008 0.200 0.669 0.026 1.226
18155 1.096 0.008 0.200 0.665 0.029 1.225
18164 1.096 0.008 0.200 0.665 0.029 1.225
18173 1.096 0.008 0.200 0.662 0.032 1.224
18182 1.096 0.008 0.200 0.659 0.034 1.224
18191 1.096 0.008 0.200 0.654 0.037 1.223
18200 1.096 0.008 0.200 0.649 0.040 1.222
18210 1.096 0.008 0.200 0.645 0.044 1.221
18219 1.096 0.008 0.200 0.645 0.044 1.221
18228 1.096 0.008 0.200 0.636 0.050 1.220
18237 1.096 0.008 0.200 0.631 0.054 1.219
18246 1.096 0.008 0.200 0.626 0.057 1.219
18255 1.096 0.008 0.200 0.622 0.061 1.218
18264 1.096 0.008 0.200 0.617 0.065 1.217
18273 1.096 0.008 0.200 0.612 0.069 1.216
18283 1.096 0.008 0.200 0.612 0.069 1.216
18292 1.096 0.008 0.200 0.607 0.072 1.215
18301 1.096 0.008 0.200 0.602 0.076 1.215
18310 1.096 0.008 0.200 0.597 0.081 1.214
18319 1.096 0.008 0.200 0.592 0.085 1.213
18328 1.096 0.008 0.200 0.587 0.089 1.212
18337 1.096 0.008 0.200 0.582 0.094 1.212
18346 1.096 0.008 0.200 0.577 0.098 1.211
18356 1.096 0.008 0.200 0.572 0.102 1.211
18365 1.096 0.008 0.200 0.567 0.107 1.210
18374 1.096 0.008 0.200 0.562 0.112 1.210
18383 1.096 0.008 0.200 0.562 0.112 1.210
18392 1.096 0.008 0.200 0.557 0.116 1.209
18401 1.096 0.008 0.200 0.551 0.121 1.209
18410 1.096 0.008 0.200 0.546 0.125 1.208
18420 1.096 0.008 0.200 0.540 0.130 1.208
18429 1.096 0.008 0.200 0.534 0.135 1.208
18438 1.096 0.008 0.200 0.528 0.139 1.208
18447 1.096 0.008 0.200 0.523 0.144 1.208
18456 1.096 0.008 0.200 0.518 0.148 1.209
18465 1.096 0.008 0.200 0.512 0.152 1.209
18474 1.096 0.008 0.200 0.506 0.156 1.210
18484 1.096 0.008 0.200 0.502 0.159 1.211
18493 1.096 0.008 0.200 0.502 0.159 1.211
18502 1.096 0.008 0.200 0.496 0.163 1.212
18511 1.096 0.008 0.200 0.492 0.166 1.213
18520 1.096 0.008 0.200 0.488 0.168 1.215
18530 1.096 0.008 0.200 0.483 0.172 1.216
18539 1.096 0.008 0.200 0.479 0.175 1.218
18548 1.096 0.008 0.200 0.475 0.177 1.220
18557 1.096 0.008 0.200 0.470 0.180 1.221
18566 1.096 0.008 0.200 0.465 0.181 1.222
18575 1.096 0.008 0.200 0.462 0.184 1.223
18584 1.096 0.008 0.200 0.456 0.186 1.223
18593 1.096 0.008 0.200 0.456 0.186 1.223
18602 1.096 0.008 0.200 0.453 0.188 1.224
18611 1.096 0.008 0.200 0.448 0.190 1.225
18620 1.096 0.008 0.200 0.444 0.192 1.225
18630 1.096 0.008 0.200 0.440 0.193 1.226
18639 1.096 0.008 0.200 0.435 0.194 1.226
18648 1.096 0.008 0.200 0.430 0.195 1.226
18657 1.096 0.008 0.200 0.427 0.195 1.227
18666 1.096 0.008 0.200 0.422 0.196 1.227
18675 1.096 0.008 0.200 0.418 0.195 1.227
18684 1.096 0.008 0.200 0.414 0.195 1.227
18693 1.096 0.008 0.200 0.414 0.195 1.227
18702 1.096 0.008 0.200 0.410 0.195 1.227
18711 1.096 0.008 0.200 0.406 0.194 1.227
18721 1.096 0.008 0.200 0.402 0.194 1.227
18730 1.096 0.008 0.200 0.398 0.192 1.227
18739 1.096 0.008 0.200 0.395 0.192 1.228
18748 1.096 0.008 0.200 0.392 0.190 1.228
18757 1.096 0.008 0.200 0.388 0.187 1.227
18766 1.096 0.008 0.200 0.386 0.187 1.229
18775 1.096 0.008 0.200 0.383 0.185 1.230
18785 1.096 0.008 0.200 0.380 0.183 1.231
18794 1.096 0.008 0.200 0.377 0.181 1.231
18803 1.096 0.008 0.200 0.377 0.181 1.231
18812 1.096 0.008 0.200 0.374 0.178 1.231
18821 1.096 0.008 0.200 0.372 0.177 1.233
18830 1.096 0.008 0.200 0.370 0.174 1.233
18839 1.096 0.008 0.200 0.367 0.172 1.234
18848 1.096 0.008 0.200 0.364 0.170 1.234
18857 1.096 0.008 0.200 0.362 0.167 1.235
18866 1.096 0.008 0.200 0.360 0.165 1.236
18876 1.096 0.008 0.200 0.358 0.163 1.237
18885 1.096 0.008 0.200 0.357 0.160 1.237
18894 1.096 0.008 0.200 0.355 0.157 1.238
18904 1.096 0.008 0.200 0.352 0.153 1.238
18913 1.096 0.008 0.200 0.352 0.153 1.238
18922 1.096 0.008 0.200 0.349 0.150 1.238
18931 1.096 0.008 0.200 0.347 0.147 1.239
18940 1.096 0.008 0.200 0.347 0.145 1.240
18949 1.096 0.008 0.200 0.346 0.143 1.242
18958 1.096 0.008 0.200 0.344 0.140 1.242
18967 1.096 0.008 0.200 0.342 0.135 1.242
18976 1.096 0.008 0.200 0.340 0.132 1.243
18986 1.096 0.008 0.200 0.338 0.128 1.243
18995 1.096 0.008 0.200 0.337 0.125 1.244
19004 1.096 0.008 0.200 0.336 0.122 1.245
19013 1.096 0.008 0.200 0.336 0.122 1.245
19022 1.096 0.008 0.200 0.335 0.118 1.246
19031 1.096 0.008 0.200 0.338 0.116 1.248
19040 1.096 0.008 0.200 0.337 0.113 1.249
19049 1.096 0.008 0.200 0.336 0.110 1.250
19058 1.096 0.008 0.200 0.335 0.106 1.251
19067 1.096 0.008 0.200 0.334 0.102 1.252
19076 1.096 0.008 0.200 0.334 0.099 1.253
19086 1.096 0.008 0.200 0.334 0.095 1.254
19095 1.096 0.008 0.200 0.333 0.092 1.254
19104 1.096 0.008 0.200 0.332 0.088 1.255
19113 1.096 0.008 0.200 0.332 0.088 1.255
19122 1.096 0.008 0.200 0.330 0.084 1.256
19131 1.096 0.008 0.200 0.329 0.079 1.257
19140 1.096 0.008 0.200 0.328 0.076 1.257
19149 1.096 0.008 0.200 0.327 0.071 1.258
19158 1.096 0.008 0.200 0.326 0.067 1.259
19167 1.096 0.008 0.200 0.325 0.064 1.259
19176 1.096 0.008 0.200 0.325 0.060 1.260
19185 1.096 0.008 0.200 0.324 0.056 1.261
19195 1.096 0.008 0.200 0.322 0.052 1.261
19204 1.096 0.008 0.200 0.322 0.049 1.262
19214 1.096 0.008 0.200 0.322 0.049 1.262
19223 1.096 0.008 0.200 0.321 0.045 1.262
19232 1.096 0.008 0.200 0.320 0.041 1.262
19241 1.096 0.008 0.200 0.319 0.036 1.263
19250 1.096 0.008 0.200 0.318 0.032 1.263
19259 1.096 0.008 0.200 0.317 0.028 1.264
20210 1.096 0.008 0.200 0.378 -0.599 1.144
20220 1.096 0.008 0.200 0.380 -0.607 1.140
20229 1.096 0.008 0.200 0.382 -0.614 1.135
20238 1.096 0.008 0.200 0.383 -0.621 1.131
20247 1.096 0.008 0.200 0.385 -0.628 1.127
20256 1.096 0.008 0.200 0.387 -0.635 1.123
21447 1.096 0.008 0.200 0.387 -0.635 1.123
21456 1.096 0.008 0.200 1.335 -1.188 1.115
21465 1.096 0.008 0.200 1.341 -1.193 1.112
21474 1.096 0.008 0.200 1.347 -1.199 1.109
21483 1.096 0.008 0.200 1.347 -1.199 1.109
21492 1.096 0.008 0.200 1.354 -1.205 1.105
21501 1.096 0.008 0.200 1.360 -1.212 1.102
22458 1.096 0.008 0.200 1.360 -1.212 1.102
24415 1.096 0.008 0.200 1.360 -1.212 1.102
24424 1.096 0.008 0.200 1.360 -1.212 1.102
24433 1.096 0.008 0.200 1.360 -1.212 1.102
24443 1.096 0.008 0.200 1.360 -1.212 1.102
24452 1.096 0.008 0.200 1.360 -1.212 1.102
24461 1.096 0.008 0.200 1.360 -1.212 1.102
24470 1.096 0.008 0.200 1.360 -1.212 1.102
24479 1.096 0.008 0.200 1.360 -1.212 1.102
24488 1.096 0.008 0.200 1.360 -1.212 1.102
24497 1.096 0.008 0.200 1.360 -1.212 1.102
24506 1.096 0.008 0.200 1.360 -1.212 1.102
24516 1.096 0.008 0.200 1.360 -1.212 1.102
24525 1.096 0.008 0.200 1.360 -1.212 1.102
24534 1.096 0.008 0.200 1.360 -1.212 1.102
24543 1.096 0.008 0.200 1.360 -1.212 1.102
24552 1.096 0.008 0.200 1.360 -1.212 1.102
24561 1.096 0.008 0.200 1.360 -1.212 1.102
24570 1.096 0.008 0.200 1.360 -1.212 1.102
24579 1.096 0.008 0.200 1.360 -1.212 1.102
24589 1.096 0.008 0.200 1.360 -1.212 1.102
24598 1.096 0.008 0.200 1.360 -1.212 1.102
24607 1.096 0.008 0.200 1.360 -1.212 1.102
24616 1.096 0.008 0.200 1.360 -1.212 1.102
24625 1.096 0.008 0.200 1.360 -1.212 1.102
24634 1.096 0.008 0.200 1.360 -1.212 1.102
24643 1.096 0.008 0.200 1.360 -1.212 1.102
24652 1.096 0.008 0.200 1.360 -1.212 1.102
24662 1.096 0.008 0.200 1.360 -1.212 1.102
24671 1.096 0.008 0.200 1.360 -1.212 1.102
24680 1.096 0.008 0.200 1.360 -1.212 1.102
24689 1.096 0.008 0.200 1.360 -1.212 1.102
24698 1.096 0.008 0.200 1.360 -1.212 1.102
24707 1.096 0.008 0.200 1.360 -1.212 1.102
24716 1.096 0.008 0.200 1.360 -1.212 1.102
24726 1.096 0.008 0.200 1.360 -1.212 1.102
24735 1.096 0.008 0.200 1.360 -1.212 1.102
24744 1.096 0.008 0.200 1.360 -1.212 1.102
24753 1.096 0.008 0.200 1.360 -1.212 1.102
24762 1.096 0.008 0.200 1.360 -1.212 1.102
24771 1.096 0.008 0.200 1.360 -1.212 1.102
24780 1.096 0.008 0.200 1.360 -1.212 1.102
24789 1.096 0.008 0.200 1.360 -1.212 1.102
24798 1.096 0.008 0.200 1.360 -1.212 1.102
24808 1.096 0.008 0.200 1.360 -1.212 1.102
24817 1.096 0.008 0.200 1.360 -1.212 1.102
24826 1.096 0.008 0.200 1.360 -1.212 1.102
24835 1.096 0.008 0.200 1.360 -1.212 1.102
24844 1.096 0.008 0.200 1.360 -1.212 1.102
24853 1.096 0.008 0.200 1.360 -1.212 1.102
24862 1.096 0.008 0.200 1.360 -1.212 1.102
24871 1.096 0.008 0.200 1.360 -1.212 1.102
24881 1.096 0.008 0.200 1.360 -1.212 1.102
24890 1.096 0.008 0.200 1.360 -1.212 1.102
24899 1.096 0.008 0.200 1.360 -1.212 1.102
24908 1.096 0.008 0.200 1.360 -1.212 1.102
24917 1.096 0.008 0.200 1.360 -1.212 1.102
24926 1.096 0.008 0.200 1.360 -1.212 1.102
24935 1.096 0.008 0.200 1.360 -1.212 1.102
24944 1.096 0.008 0.200 1.360 -1.212 1.102
24954 1.096 0.008 0.200 1.360 -1.212 1.102
24963 1.096 0.008 0.200 1.360 -1.212 1.102
24972 1.096 0.008 0.200 1.360 -1.212 1.102
24981 1.096 0.008 0.200 1.360 -1.212 1.102
24990 1.096 0.008 0.200 1.360 -1.212 1.102
24999 1.096 0.008 0.200 1.360 -1.212 1.102
25008 1.096 0.008 0.200 1.360 -1.212 1.102
25018 1.096 0.008 0.200 1.360 -1.212 1.102
25027 1.096 0.008 0.200 1.360 -1.212 1.102
25036 1.096 0.008 0.200 1.360 -1.212 1.102
25045 1.096 0.008 0.200 1.360 -1.212 1.102
25054 1.096 0.008 0.200 1.360 -1.212 1.102
25063 1.096 0.008 0.200 1.360 -1.212 1.102
25072 1.096 0.008 0.200 1.360 -1.212 1.102
25081 1.096 0.008 0.200 1.360 -1.212 1.102
25091 1.096 0.008 0.200 1.360 -1.212 1.102
25100 1.096 0.008 0.200 1.360 -1.212 1.102
25109 1.096 0.008 0.200 1.360 -1.212 1.102
25118 1.096 0.008 0.200 1.360 -1.212 1.102
25127 1.096 0.008 0.200 1.360 -1.212 1.102
25136 1.096 0.008 0.200 1.360 -1.212 1.102
25145 1.096 0.008 0.200 1.360 -1.212 1.102
25155 1.096 0.008 0.200 1.360 -1.212 1.102
25164 1.096 0.008 0.200 1.360 -1.212 1.102
25173 1.096 0.008 0.200 1.360 -1.212 1.102
25182 1.096 0.008 0.200 1.360 -1.212 1.102
25191 1.096 0.008 0.200 1.360 -1.212 1.102
25200 1.096 0.008 0.200 1.360 -1.212 1.102
25209 1.096 0.008 0.200 1.360 -1.212 1.102
25218 1.096 0.008 0.200 1.360 -1.212 1.102
25228 1.096 0.008 0.200 1.360 -1.212 1.102
25237 1.096 0.008 0.200 1.360 -1.212 1.102
25246 1.096 0.008 0.200 1.360 -1.212 1.102
25255 1.096 0.008 0.200 1.360 -1.212 1.102
25264 1.096 0.008 0.200 1.360 -1.212 1.102
25273 1.096 0.008 0.200 1.360 -1.212 1.102
25282 1.096 0.008 0.200 1.360 -1.212 1.102

