0.000000 0.000000 0.000000 5.269473 0.009709 0.022913 -16.878377 0.025549 1.199533 1 0 1
0.000000 0.000000 0.000000 17.981060 0.010638 0.033084 -51.762894 0.036078 1.406777 2 0 2
0.000000 0.000000 0.000000 18.072812 0.010526 0.032359 -56.289017 0.036140 1.392361 3 0 3
0.000000 0.000000 0.000000 5.090673 0.009434 0.021532 -13.848882 0.025804 1.180773 4 0 4
0.000000 0.000000 0.000000 5.502989 0.009709 0.022199 -64.309258 0.025596 1.189783 0 1 5
0.000000 0.000000 0.000000 6.059814 0.009434 0.019381 -9.084162 0.026424 1.152696 5 1 10
0.000000 0.000000 0.000000 16.831973 0.010417 0.030608 -46.655166 0.036245 1.357955 0 2 11
0.000000 0.000000 0.000000 18.793236 0.010101 0.024898 -16.265514 0.038322 1.252494 5 2 16
0.000000 0.000000 0.000000 16.182418 0.009901 0.027632 -14.620532 0.036523 1.300931 0 3 17
0.000000 0.000000 0.000000 44.404190 0.011765 0.034551 -22.591053 0.036755 1.447751 4 3 21
0.000000 0.000000 0.000000 28.720919 0.009615 0.018691 -32.572853 0.041613 1.150201 5 3 22
0.000000 0.000000 0.000000 2.083333 0.008333 0.016051 -14.261811 0.026277 1.109603 0 4 23
0.000000 0.000000 0.000000 17.279487 0.009901 0.028045 -27.159303 0.036488 1.307864 1 4 24
0.000000 0.000000 0.000000 19.599933 0.010870 0.032041 -24.243361 0.036122 1.385670 2 4 25
0.000000 0.000000 0.000000 8.965310 0.010753 0.024478 -32.264548 0.025417 1.223790 3 4 26
0.000000 0.000000 0.000000 0.000000 0.007752 0.005388 -0.566092 0.017327 1.016822 5 4 27
