0.000000 0.000000 0.000000 0.000000 0.017857 0.032113 -4.419986 0.031072 1.075358 2 0 1
0.000000 0.000000 0.000000 19.833333 0.023810 0.090186 -15.045025 0.076582 1.518673 2 1 2
0.000000 0.000000 0.000000 13.500000 0.022727 0.087915 -25.186418 0.073675 1.514950 3 1 3
0.000000 0.000000 0.000000 4.666667 0.020000 0.054634 -20.830712 0.052153 1.222625 4 1 4
0.000000 0.000000 0.000000 0.000000 0.017857 0.031182 -2.523768 0.031093 1.072884 0 2 5
0.000000 0.000000 0.000000 22.333333 0.023810 0.087573 -11.439721 0.076704 1.497872 1 2 6
0.000000 0.000000 0.000000 43.500000 0.027778 0.102082 -33.259539 0.072078 1.663684 3 2 8
0.000000 0.000000 0.000000 38.833333 0.023810 0.065520 -11.658980 0.077377 1.320965 4 2 9
0.000000 0.000000 0.000000 11.500000 0.020000 0.081505 -12.260645 0.073918 1.460942 1 3 10
0.000000 0.000000 0.000000 23.500000 0.023810 0.094388 -33.400085 0.072463 1.581223 2 3 11
0.000000 0.000000 0.000000 26.000000 0.019231 0.027293 -20.855878 0.059695 1.085029 4 3 12
0.000000 0.000000 0.000000 14.000000 0.015625 0.011129 -35.419148 0.066932 1.040033 5 3 13
0.000000 0.000000 0.000000 1.166667 0.016129 0.046941 -8.645219 0.052538 1.175674 1 4 14
0.000000 0.000000 0.000000 3.833333 0.018519 0.050323 -42.981049 0.052200 1.191913 2 4 15
0.000000 0.000000 0.000000 0.000000 0.012821 0.003963 -0.039173 0.037787 1.016644 5 4 16
