     0 0     6.44   1.42          
     1 0     6.55   1.82          
     2 0     6.44   1.42         
     0 0    10.72   1.11          
     1 0    10.84   1.31          
     2 0    10.88   1.40          
     3 0    10.84   1.31          
     4 0    10.72   1.11 
     1 0    11.81   1.20  
     2 0    12.04   1.41  
     3 0    12.18   1.39  
     4 0    12.11   1.18  
     0 1    11.96   1.19  
     5 1    12.30   1.15  
     0 2    12.18   1.36  
     5 2    12.41   1.25  
     0 3    12.33   1.30  
     4 3    12.70   1.45  
     5 3    12.44   1.15  
     0 4    11.78   1.11  
     1 4    12.22   1.31  
     2 4    12.44   1.38  
     3 4    12.59   1.22  
     5 4    12.15   1.02  
     2 0    11.19   1.07  
     2 1    11.81   1.52  
     3 1    11.68   1.51  
     4 1    11.44   1.22  
     0 2    11.56   1.07  
     1 2    12.19   1.50  
     3 2    12.44   1.66  
     4 2    12.19   1.32  
     1 3    11.50   1.46  
     2 3    12.25   1.58  
     4 3    11.75   1.08  
     5 3    11.25   1.04  
     1 4    10.56   1.17  
     2 4    11.69   1.19  
     5 4    10.31   1.02 