mvx mvy mvz tr1 tr2 mineig1 mineig2 pgrank eigenvector closeness betweenness tr3 tr4 mineig3 mineig4 pgrank eigenvector closeness betweenness s1 s2 s3
0.000000 0.000000 0.000000 2.227370 1.816957 9.016586 -80.122498 0.191080 0.221232 0.125000 6.000000 2.227370 1.816957 9.016586 -80.122498 0.191080 0.221232 0.125000 6.000000 1 4 6
0.000000 0.000000 0.000000 10.742937 7.458940 187.253810 -65.082599 0.191080 0.221232 0.083333 6.000000 2.560211 2.064318 20.825895 -3.545614 0.191080 0.221232 0.166667 6.000000 1 5 6
0.000000 0.000000 0.000000 3.710818 2.149051 -536.473425 -101.238839 0.287258 0.250000 0.100000 7.000000 11.559180 7.034932 -347.151587 -368.023325 0.287258 0.250000 0.181818 7.000000 2 4 6
0.000000 0.000000 0.000000 2.177130 2.311499 -2.565281 -13.837128 0.287258 0.250000 0.125000 7.000000 12.521553 5.777677 -90.947971 -15.944418 0.287258 0.250000 0.153846 7.000000 2 5 6
0.000000 0.000000 0.000000 5.061408 2.614889 -217.242756 -52.115201 0.191080 0.221232 0.071429 6.000000 2.650895 2.720695 98.961030 -28.244868 0.191080 0.221232 0.166667 6.000000 3 4 6
0.000000 0.000000 0.000000 10.742937 7.458940 73.254243 -21.590496 0.191080 0.221232 0.083333 6.000000 2.560211 2.064318 24.698759 7.482650 0.191080 0.221232 0.166667 6.000000 3 5 6
0.000000 0.000000 0.000000 1.778112 1.405597 -27.424298 -25.168062 0.099261 0.131607 0.045455 30.833333 1.778112 1.405597 -27.424298 -25.168062 0.099261 0.131607 0.045455 30.833333 1 7 11
0.000000 0.000000 0.000000 1.321950 1.263303 -70.302829 -22.707675 0.099261 0.131607 0.041667 30.833333 1.528081 1.275090 -43.039894 -28.335036 0.099261 0.131607 0.047619 30.833333 1 7 12
0.000000 0.000000 0.000000 1.655302 1.251548 -13.415052 -23.653224 0.099261 0.131607 0.033333 30.833333 1.400985 1.281733 -79.446613 -29.676661 0.099261 0.131607 0.055556 30.833333 1 8 11
0.000000 0.000000 0.000000 1.487926 1.275207 -148.581542 -48.105307 0.099261 0.131607 0.031250 30.833333 1.394998 1.275692 -20.711535 -39.953090 0.099261 0.131607 0.056604 30.833333 1 8 12
0.000000 0.000000 0.000000 1.655302 1.251548 -24.172722 -15.145634 0.099261 0.131607 0.033333 30.833333 1.400985 1.281733 -15.933726 -25.391474 0.099261 0.131607 0.055556 30.833333 1 9 11
0.000000 0.000000 0.000000 2.087633 1.326362 -21.366004 -30.209846 0.099261 0.131607 0.035714 30.833333 1.449502 1.331776 -80.079233 -29.761963 0.099261 0.131607 0.052632 30.833333 1 9 12
0.000000 0.000000 0.000000 1.722754 1.254972 -34.215113 -50.860113 0.099261 0.131607 0.026316 30.833333 1.331831 1.249713 -4.243062 -26.678536 0.099261 0.131607 0.060000 30.833333 1 10 11
0.000000 0.000000 0.000000 1.728236 1.197322 -40.354671 -47.296168 0.099261 0.131607 0.027778 30.833333 1.333948 1.253752 -0.171245 -16.541920 0.099261 0.131607 0.058824 30.833333 1 10 12
0.000000 0.000000 0.000000 1.673475 1.179582 -18.058133 -22.734880 0.129590 0.158184 0.038462 33.333333 1.482967 1.212486 -17.059648 -12.717337 0.129590 0.158184 0.058824 33.333333 2 7 11
0.000000 0.000000 0.000000 1.648479 1.219550 -60.626768 -30.887064 0.129590 0.158184 0.035714 33.333333 1.873626 1.333415 -81.282741 -24.011267 0.129590 0.158184 0.062500 33.333333 2 7 12
0.000000 0.000000 0.000000 1.316938 1.188173 -84.235246 -40.130353 0.129590 0.158184 0.045455 33.333333 1.651104 1.224001 -12.128116 -43.298625 0.129590 0.158184 0.052632 33.333333 2 8 11
0.000000 0.000000 0.000000 1.221420 1.283608 -33.995984 -35.666878 0.129590 0.158184 0.041667 33.333333 1.623266 1.213009 -71.087890 -38.100526 0.129590 0.158184 0.053571 33.333333 2 8 12
0.000000 0.000000 0.000000 1.711986 1.183363 -79.858789 -30.785537 0.129590 0.158184 0.029412 33.333333 1.673329 1.271076 -24.878130 -24.046978 0.129590 0.158184 0.066667 33.333333 2 9 11
0.000000 0.000000 0.000000 1.788774 1.172078 -99.548024 -39.330522 0.129590 0.158184 0.031250 33.333333 1.717922 1.312205 -43.702765 -18.385105 0.129590 0.158184 0.062500 33.333333 2 9 12
0.000000 0.000000 0.000000 1.364248 1.184106 -4.246169 -25.387306 0.129590 0.158184 0.033333 33.333333 1.854780 1.323451 -36.834663 -17.025122 0.129590 0.158184 0.063830 33.333333 2 10 11
0.000000 0.000000 0.000000 1.648479 1.219550 -17.366237 -14.987440 0.129590 0.158184 0.035714 33.333333 1.873626 1.333415 -30.991410 -27.063853 0.129590 0.158184 0.062500 33.333333 2 10 12
0.000000 0.000000 0.000000 2.412862 1.319658 -69.142576 -35.630283 0.099261 0.131607 0.029412 30.833333 1.350239 1.285759 -4.808392 -20.594636 0.099261 0.131607 0.055556 30.833333 3 7 11
0.000000 0.000000 0.000000 1.728236 1.197322 -60.543537 -33.489264 0.099261 0.131607 0.027778 30.833333 1.333948 1.253752 -43.516638 -16.553267 0.099261 0.131607 0.058824 30.833333 3 7 12
0.000000 0.000000 0.000000 1.655302 1.251548 -53.493886 -27.355945 0.099261 0.131607 0.033333 30.833333 1.400985 1.281733 -32.064068 -24.437230 0.099261 0.131607 0.055556 30.833333 3 8 11
0.000000 0.000000 0.000000 1.487926 1.275207 -31.568466 -56.371266 0.099261 0.131607 0.031250 30.833333 1.394998 1.275692 -8.517106 -34.817165 0.099261 0.131607 0.056604 30.833333 3 8 12
0.000000 0.000000 0.000000 1.750133 1.170181 -38.361667 -40.664810 0.099261 0.131607 0.023810 30.833333 1.313981 1.245388 -4.684956 -8.794722 0.099261 0.131607 0.060606 30.833333 3 9 11
0.000000 0.000000 0.000000 1.876351 1.174903 -30.902771 -15.297159 0.099261 0.131607 0.025000 30.833333 1.322362 1.272788 -0.460615 -31.961800 0.099261 0.131607 0.057143 30.833333 3 9 12
0.000000 0.000000 0.000000 1.722754 1.254972 -60.026685 -16.431314 0.099261 0.131607 0.026316 30.833333 1.331831 1.249713 -14.201502 -25.881609 0.099261 0.131607 0.060000 30.833333 3 10 11
0.000000 0.000000 0.000000 1.728236 1.197322 -53.301419 -44.430935 0.099261 0.131607 0.027778 30.833333 1.333948 1.253752 -0.526612 -28.151850 0.099261 0.131607 0.058824 30.833333 3 10 12
0.000000 0.000000 0.000000 2.087633 1.326362 -53.643459 -37.026648 0.099261 0.131607 0.035714 30.833333 1.449502 1.331776 -49.241070 -14.972770 0.099261 0.131607 0.052632 30.833333 4 7 11
0.000000 0.000000 0.000000 1.655302 1.251548 -24.740507 -35.488269 0.099261 0.131607 0.033333 30.833333 1.400985 1.281733 -14.396505 -15.475186 0.099261 0.131607 0.055556 30.833333 4 7 12
0.000000 0.000000 0.000000 1.728236 1.197322 -50.067945 -28.225581 0.099261 0.131607 0.027778 30.833333 1.333948 1.253752 -22.566318 -24.556413 0.099261 0.131607 0.058824 30.833333 4 8 11
0.000000 0.000000 0.000000 1.722754 1.254972 -79.466759 -29.700182 0.099261 0.131607 0.026316 30.833333 1.331831 1.249713 -93.436549 -31.555107 0.099261 0.131607 0.060000 30.833333 4 8 12
0.000000 0.000000 0.000000 1.321950 1.263303 -39.200567 -24.577217 0.099261 0.131607 0.041667 30.833333 1.528081 1.275090 -42.448590 -26.139542 0.099261 0.131607 0.047619 30.833333 4 9 11
0.000000 0.000000 0.000000 1.778112 1.405597 -78.851909 -36.470606 0.099261 0.131607 0.045455 30.833333 1.778112 1.405597 -78.851909 -36.470606 0.099261 0.131607 0.045455 30.833333 4 9 12
0.000000 0.000000 0.000000 1.487926 1.275207 -46.441720 -40.817743 0.099261 0.131607 0.031250 30.833333 1.394998 1.275692 -48.754233 -24.540909 0.099261 0.131607 0.056604 30.833333 4 10 11
0.000000 0.000000 0.000000 1.655302 1.251548 -3.300030 -75.647688 0.099261 0.131607 0.033333 30.833333 1.400985 1.281733 -71.031868 -21.382298 0.099261 0.131607 0.055556 30.833333 4 10 12
0.000000 0.000000 0.000000 1.788774 1.172078 -27.885785 -14.149437 0.129590 0.158184 0.031250 33.333333 1.717922 1.312205 -51.729212 -30.232622 0.129590 0.158184 0.062500 33.333333 5 7 11
0.000000 0.000000 0.000000 1.711986 1.183363 -91.906636 -31.609997 0.129590 0.158184 0.029412 33.333333 1.673329 1.271076 -49.053088 -14.112091 0.129590 0.158184 0.066667 33.333333 5 7 12
0.000000 0.000000 0.000000 1.648479 1.219550 -48.189853 -38.675141 0.129590 0.158184 0.035714 33.333333 1.873626 1.333415 -31.370734 -15.431474 0.129590 0.158184 0.062500 33.333333 5 8 11
0.000000 0.000000 0.000000 1.364248 1.184106 -33.687483 -28.490992 0.129590 0.158184 0.033333 33.333333 1.854780 1.323451 -10.927400 -38.677443 0.129590 0.158184 0.063830 33.333333 5 8 12
0.000000 0.000000 0.000000 1.648479 1.219550 -39.578544 -34.434621 0.129590 0.158184 0.035714 33.333333 1.873626 1.333415 -14.555186 -26.038959 0.129590 0.158184 0.062500 33.333333 5 9 11
0.000000 0.000000 0.000000 1.673475 1.179582 -65.675481 -44.028416 0.129590 0.158184 0.038462 33.333333 1.482967 1.212486 -14.593092 -29.408330 0.129590 0.158184 0.058824 33.333333 5 9 12
0.000000 0.000000 0.000000 1.221420 1.283608 -8.563269 -35.202759 0.129590 0.158184 0.041667 33.333333 1.623266 1.213009 -27.902871 -34.660455 0.129590 0.158184 0.053571 33.333333 5 10 11
0.000000 0.000000 0.000000 1.316938 1.188173 -33.043190 -23.903598 0.129590 0.158184 0.045455 33.333333 1.651104 1.224001 -7.715319 -26.818285 0.129590 0.158184 0.052632 33.333333 5 10 12
0.000000 0.000000 0.000000 1.876351 1.174903 -13.169197 -22.102211 0.099261 0.131607 0.025000 30.833333 1.322362 1.272788 -94.161177 -31.105705 0.099261 0.131607 0.057143 30.833333 6 7 11
0.000000 0.000000 0.000000 1.750133 1.170181 -159.088649 -35.050793 0.099261 0.131607 0.023810 30.833333 1.313981 1.245388 -32.148061 -14.470597 0.099261 0.131607 0.060606 30.833333 6 7 12
0.000000 0.000000 0.000000 1.728236 1.197322 -34.446866 -20.199632 0.099261 0.131607 0.027778 30.833333 1.333948 1.253752 -6.452529 -21.966874 0.099261 0.131607 0.058824 30.833333 6 8 11
0.000000 0.000000 0.000000 1.722754 1.254972 -47.182369 -40.533515 0.099261 0.131607 0.026316 30.833333 1.331831 1.249713 -51.585275 -32.826740 0.099261 0.131607 0.060000 30.833333 6 8 12
0.000000 0.000000 0.000000 1.728236 1.197322 -35.602994 -20.599502 0.099261 0.131607 0.027778 30.833333 1.333948 1.253752 -4.011245 -31.435960 0.099261 0.131607 0.058824 30.833333 6 9 11
0.000000 0.000000 0.000000 2.412862 1.319658 -20.664109 -40.065843 0.099261 0.131607 0.029412 30.833333 1.350239 1.285759 -120.094708 -35.771076 0.099261 0.131607 0.055556 30.833333 6 9 12
0.000000 0.000000 0.000000 1.487926 1.275207 -38.750321 -36.282564 0.099261 0.131607 0.031250 30.833333 1.394998 1.275692 -26.054067 -16.703170 0.099261 0.131607 0.056604 30.833333 6 10 11
0.000000 0.000000 0.000000 1.655302 1.251548 -57.288495 -18.196955 0.099261 0.131607 0.033333 30.833333 1.400985 1.281733 -47.074842 -33.485032 0.099261 0.131607 0.055556 30.833333 6 10 12
